Player1	Player2	Result	FSP.1	FSW.1	SSP.1	SSW.1	ACE.1	DBF.1	WNR.1	UFE.1	BPC.1	BPW.1	NPA.1	NPW.1	TPW.1	ST1.1	ST2.1	ST3.1	ST4.1	ST5.1	FSP.2	FSW.2	SSP.2	SSW.2	ACE.2	DBF.2	WNR.2	UFE.2	BPC.2	BPW.2	NPA.2	NPW.2	TPW.2	ST1.2	ST2.2	ST3.2	ST4.2	ST5.2
Lukas Lacko	Novak Djokovic	0	61	35	39	18	5	1	17	29	1	3	8	11	70	3	6	1	0	0	68	45	32	17	10	0	40	30	4	8	8	9	101	6	7	6	0	0
Leo0rdo Mayer	Albert Montanes	1	61	31	39	13	13	1	13	1	7	14	0	0	80	6	6	6	0	0	60	23	40	9	1	4	1	4	0	0	0	0	42	1	3	1	0	0
Marcos Baghdatis	Denis Istomin	0	52	53	48	20	8	4	37	50	1	9	16	23	106	4	5	4	0	0	77	57	23	15	9	1	41	41	4	13	12	16	126	6	7	6	0	0
Dmitry Tursunov	Michael Russell	1	53	39	47	24	8	6	8	6	6	9	0	0	104	6	6	6	0	0	50	24	50	19	1	8	1	8	1	7	0	0	79	2	2	3	0	0
Juan Mo0co	Ernests Gulbis	0	76	63	24	12	0	4	16	35	3	12	9	13	128	6	4	6	2	0	53	59	47	32	17	11	59	79	3	5	16	28	127	1	6	7	6	0
Santiago Giraldo	Sam Querrey	0	65	51	35	22	9	3	35	41	2	7	6	12	108	3	2	6	6	0	63	60	37	22	24	4	47	45	4	7	14	17	122	6	6	3	7	0
Dudi Sela	Jarkko Nieminen	0	68	73	32	24	5	3	41	50	9	17	14	30	173	6	6	7	3	3	60	66	40	34	2	6	57	72	10	17	25	36	173	3	7	6	6	6
Fabio Fognini	Alex Bogomolov Jr.	1	47	18	53	15	3	4	21	31	6	20	6	9	78	6	6	0	0	0	54	26	46	13	0	11	11	46	2	6	8	12	61	3	2	0	0	0
David Guez	Richard Gasquet	0	64	26	36	12	3	0	20	39	3	7	5	14	67	5	4	1	0	0	67	42	33	14	12	0	32	20	7	10	8	11	94	7	6	6	0	0
Nikolay Davydenko	Lukasz Kubot	1	77	76	23	11	6	4	6	4	7	24	0	0	162	3	6	3	6	6	60	68	40	25	8	12	8	12	6	14	0	0	141	6	3	6	3	4
Pablo Carreno Busta	Julien Benneteau	0	53	46	47	35	7	7	47	58	4	5	19	33	126	3	6	6	1	2	66	62	34	24	16	4	49	46	7	19	30	43	152	6	3	4	6	6
Tommy Robredo	Lukas Rosol	1	57	62	43	43	13	0	50	38	6	18	15	19	177	6	6	3	7	8	51	72	49	41	11	12	82	96	3	7	28	44	152	1	7	6	6	6
Samuel Groth	Vasek Pospisil	0	65	40	35	17	16	4	35	25	0	2	20	43	74	4	3	4	0	0	67	45	33	13	6	4	31	17	4	10	6	10	94	6	6	6	0	0
Nicolas Mahut	Matthew Ebden	0	64	63	36	23	7	4	49	57	6	15	24	46	137	3	5	6	6	3	67	58	33	23	7	7	45	55	6	12	28	37	131	6	7	4	0	6
Alejandro Falla	Mikhail Kukushkin	1	60	50	40	23	4	2	4	2	10	28	0	0	151	6	6	6	6	0	55	55	45	23	2	3	2	3	4	14	0	0	128	7	2	2	3	0
Stanislas Wawrinka	Andrey Golubev	1	63	20	37	6	4	1	23	11	4	9	13	14	54	6	4	0	0	0	64	18	36	10	0	0	8	15	1	2	6	12	37	4	1	0	0	0
Alejandro Gonzalez	David Ferrer	0	68	34	32	7	2	4	22	41	5	7	11	21	75	3	4	4	0	0	53	28	47	21	2	6	33	30	8	12	18	22	96	6	6	6	0	0
Steve Johnson	Adrian Man0rino	0	53	50	47	28	21	12	21	12	4	6	0	0	129	6	3	0	7	4	58	52	42	37	3	3	3	3	7	11	0	0	142	3	6	6	5	6
Ricardas Berankis	Alexandr Dolgopolov	0	50	39	50	26	10	3	28	38	1	3	17	31	91	5	5	2	0	0	58	42	42	23	7	4	37	31	5	16	12	12	114	7	7	6	0	0
Jeremy Chardy	Jesse Huta Galung	1	66	46	34	16	9	2	31	27	4	9	12	13	94	6	6	6	0	0	57	41	43	13	9	7	30	33	0	5	14	17	80	2	4	4	0	0
Jordan Thompson	Jerzy Janowicz	0	60	58	40	21	13	8	40	36	3	10	18	28	140	6	6	4	2	1	64	74	36	27	18	11	62	64	5	9	31	46	153	1	4	6	6	6
Albert Ramos	Pablo Andujar	0	61	32	39	10	2	3	2	3	3	7	0	0	77	4	2	4	0	0	73	40	27	15	2	1	2	1	7	12	0	0	97	6	6	6	0	0
Florian Mayer	Denis Kudla	1	58	36	42	22	6	1	25	23	5	11	11	14	101	6	6	6	0	0	59	35	41	18	1	2	31	45	1	3	12	20	78	4	2	4	0	0
Mikhail Youzhny	Jan-Len0rd Struff	1	69	39	31	17	5	2	11	30	7	9	5	8	95	6	6	6	0	0	49	24	51	12	2	8	20	61	2	5	15	22	66	1	4	2	0	0
Guillermo Garcia-Lopez	Tommy Haas	1	58	27	42	11	7	3	19	9	4	4	3	5	65	7	5	0	0	0	52	22	48	11	4	7	18	35	1	2	10	10	55	5	2	0	0	0
Carlos Berlocq	Edouard Roger-Vasselin	0	57	49	43	32	9	4	9	4	4	13	0	0	150	4	6	7	2	0	65	67	35	32	6	6	6	6	7	16	0	0	163	6	7	6	6	0
Dominic Thiem	Joao Sousa	1	55	60	45	31	20	3	20	3	5	12	0	0	148	5	6	6	7	0	65	57	35	30	8	0	8	0	3	8	0	0	133	7	4	3	6	0
Kevin Anderson	Jiri Vesely	1	63	76	37	28	21	9	21	9	3	14	0	0	154	2	6	6	6	6	57	69	43	43	16	10	16	10	2	6	0	0	154	6	7	4	4	4
Ivo Karlovic	Ivan Dodig	0	66	55	34	18	25	1	48	27	1	3	24	50	93	6	3	6	0	0	83	68	17	12	8	2	41	7	2	3	24	35	108	7	6	7	0	0
Jan Hajek	Damir Dzumhur	0	73	31	27	6	2	6	2	6	1	2	0	0	55	4	2	1	0	0	53	31	47	19	4	3	4	3	7	12	0	0	95	6	6	6	0	0
Di Wu	Kenny De Schepper	0	60	46	40	29	3	5	33	36	2	13	23	35	125	5	5	6	0	0	62	63	38	20	19	13	58	66	4	11	29	44	134	7	7	7	0	0
Tomas Berdych	Aleksandr Nedovyesov	1	66	39	34	19	9	0	35	17	4	14	13	23	97	6	6	6	0	0	61	37	39	17	8	2	22	37	0	2	11	16	67	3	4	3	0	0
James Duckworth	Roger Federer	0	52	36	48	19	13	3	34	38	0	1	19	34	74	4	4	2	0	0	58	40	42	19	11	5	30	17	4	17	18	22	96	6	6	6	0	0
Radek Stepanek	Blaz Kavcic	0	51	37	49	29	5	11	51	54	4	11	22	32	104	7	6	1	0	0	63	43	37	22	10	6	41	27	6	14	6	15	121	6	4	6	2	0
Teymuraz Gabashvili	Sergiy Stakhovsky	1	58	49	42	24	5	4	5	4	9	17	0	0	133	6	6	6	6	0	55	50	45	21	14	8	14	8	3	6	0	0	112	7	4	2	0	0
Fer0ndo Verdasco	Ze Zhang	1	61	59	39	24	20	6	44	40	5	14	7	11	125	5	6	6	6	0	58	44	42	25	7	6	20	48	1	5	10	17	101	7	3	2	3	0
Daniel Brands	Gilles Simon	0	63	109	37	36	41	4	111	81	2	25	29	44	231	7	4	6	3	1	56	114	44	57	32	18	75	53	4	10	37	55	230	6	6	3	6	1
Marin Cilic	Marcel Granollers	1	58	57	42	30	22	4	63	53	5	8	21	31	145	4	4	6	6	6	61	64	39	27	13	4	41	34	2	3	20	29	124	6	6	3	3	2
Thomaz Bellucci	Julian Reister	1	53	39	47	24	8	6	33	37	4	7	18	22	98	4	6	7	0	0	60	41	40	16	4	9	21	36	4	8	8	19	93	6	3	6	0	0
Jo-Wilfried Tsonga	Filippo Volandri	1	62	37	38	23	15	1	36	25	5	13	12	15	104	7	6	6	0	0	57	35	43	20	2	6	28	39	1	2	20	31	77	5	3	3	0	0
Martin Klizan	John Isner	1	54	25	46	21	9	2	27	10	2	5	1	3	71	6	7	0	0	0	78	36	22	6	10	0	23	23	0	3	5	10	52	2	6	0	0	0
Blaz Rola	Federico Delbonis	1	68	57	32	13	6	8	6	8	4	9	0	0	108	6	6	7	0	0	63	38	37	16	4	1	4	1	0	8	0	0	86	4	2	5	0	0
Michal Przysiezny	Horacio Zeballos	1	69	48	31	17	15	0	15	0	5	8	0	0	104	6	7	7	0	0	60	43	40	18	11	4	11	4	2	4	0	0	85	3	6	5	0	0
Stephane Robert	Aljaz Bedene	1	46	25	54	21	4	2	22	22	9	17	11	12	104	7	6	6	0	0	54	40	46	9	16	11	28	52	4	5	6	10	74	6	3	0	0	0
Somdev Devvarman	Feliciano Lopez	0	52	34	48	28	6	1	6	1	2	7	0	0	89	4	4	6	0	0	65	50	35	18	12	2	12	2	4	7	0	0	110	6	6	7	0	0
Michael Berrer	Michael Llodra	1	63	39	37	19	9	6	9	6	5	12	0	0	95	6	7	6	0	0	72	47	28	12	10	5	10	5	0	2	0	0	74	4	5	1	0	0
Vincent Millot	Wayne Odesnik	1	57	63	43	34	18	9	54	68	11	26	8	11	173	7	4	6	6	6	67	67	33	22	11	2	39	73	7	20	10	17	158	5	6	7	1	3
Andy Murray	Go Soeda	1	69	33	31	11	12	2	32	13	7	13	4	5	84	6	6	6	0	0	61	28	39	6	6	3	23	33	0	0	11	16	49	1	1	3	0	0
Rhyne Williams	Juan Martin Del Potro	0	57	52	43	25	29	1	55	39	1	2	12	18	107	7	3	4	4	0	64	62	36	23	16	3	46	29	4	8	21	28	122	6	6	6	6	0
Roberto Bautista Agut	Tim Smyczek	1	82	37	18	7	1	1	1	1	8	18	0	0	95	6	6	6	0	0	61	28	39	10	8	5	8	5	1	2	0	0	55	2	1	1	0	0
Nick Kyrgios	Benjamin Becker	1	54	60	46	25	34	13	71	52	6	8	5	8	133	6	6	6	7	0	53	45	47	31	12	5	38	36	3	7	6	6	114	3	7	2	6	0
Benoit Paire	Frank Dancevic	1	57	54	43	22	24	6	58	25	3	12	22	35	117	7	6	6	0	0	59	47	41	20	12	3	36	14	1	4	15	32	97	6	3	4	0	0
Bradley Klahn	Grigor Dimitrov	0	58	54	42	28	10	9	10	9	0	0	0	0	105	7	4	4	3	0	57	55	43	30	14	4	14	4	4	8	0	0	133	6	6	6	6	0
Jimmy Wang	Yen-Hsun Lu	0	63	32	37	12	1	3	1	3	3	7	0	0	76	3	2	1	0	0	62	33	38	11	9	5	9	5	9	19	0	0	101	6	6	6	0	0
Peter Gojowczyk	Victor Hanescu	0	55	44	45	22	8	6	36	59	1	6	5	7	103	6	6	3	0	0	66	60	34	23	9	4	24	34	2	6	10	12	121	7	7	6	0	0
Milos Raonic	Daniel Gimeno-Traver	1	64	56	36	17	21	7	48	29	7	20	21	30	127	7	6	4	6	0	56	43	44	25	5	5	22	33	3	6	8	12	96	6	1	6	2	0
Marinko Matosevic	Kei Nishikori	0	61	69	39	29	14	9	46	63	3	9	16	30	147	3	7	2	6	2	66	68	34	25	6	6	44	50	7	15	11	16	167	6	5	6	4	6
Dusan Lajovic	Lucas Pouille	1	61	53	39	30	7	7	28	57	5	10	8	17	141	6	7	4	6	0	61	55	39	22	2	10	41	88	4	8	23	39	126	4	6	6	3	0
Robin Haase	Do0ld Young	0	67	56	33	18	11	6	38	56	1	4	13	15	106	7	6	2	0	0	73	58	27	16	0	5	34	33	2	7	29	40	124	6	7	6	1	0
Andreas Seppi	Lleyton Hewitt	1	59	72	41	40	17	5	67	59	7	18	8	11	175	7	6	5	5	7	51	76	49	38	23	5	54	61	7	13	23	40	178	6	3	7	7	5
Ryan Harrison	Gael Monfils	0	62	42	38	17	2	1	19	23	0	0	13	20	76	4	4	4	0	0	64	43	36	18	9	5	43	27	3	4	18	22	95	6	6	6	0	0
Tobias Kamke	Jack Sock	0	49	51	51	36	6	8	6	8	2	12	0	0	138	6	7	2	4	0	50	54	50	43	16	12	16	12	4	10	0	0	146	7	5	6	6	0
Tha0si Kokki0kis	Igor Sijsling	1	54	55	46	36	8	9	54	45	3	5	14	23	135	7	0	7	6	0	59	56	41	23	20	5	53	47	4	9	23	36	135	6	6	6	2	0
Rafael 0dal	Ber0rd Tomic	1	62	14	38	6	5	1	13	5	1	1	5	5	30	6	0	0	0	0	71	15	29	3	3	1	13	7	0	0	3	5	24	4	0	0	0	0
Leo0rdo Mayer	Novak Djokovic	0	52	28	48	17	3	7	14	39	0	0	7	11	59	0	4	4	0	0	66	36	34	17	12	2	30	11	5	6	5	9	93	6	6	6	0	0
Dmitry Tursunov	Denis Istomin	0	53	45	47	26	5	5	31	44	3	10	24	38	106	6	6	1	4	0	54	47	46	36	14	1	46	34	5	8	14	18	127	7	4	6	6	0
Sam Querrey	Ernests Gulbis	1	72	45	28	11	19	4	30	21	5	9	6	11	88	6	6	6	0	0	46	23	54	21	7	4	19	41	1	3	6	11	59	2	3	4	0	0
Fabio Fognini	Jarkko Nieminen	1	58	62	42	30	9	12	51	60	5	15	27	33	144	7	6	3	6	0	65	57	35	23	3	5	24	37	2	16	15	24	134	5	4	6	2	0
Nikolay Davydenko	Richard Gasquet	0	77	48	23	11	6	1	39	43	4	5	9	12	97	6	4	4	0	0	58	41	42	21	9	5	33	37	6	11	10	15	110	7	6	6	0	0
Tommy Robredo	Julien Benneteau	1	58	61	42	38	17	3	66	25	4	13	13	17	159	6	6	6	7	0	62	68	38	27	14	6	64	65	1	11	42	65	138	3	7	1	6	0
Matthew Ebden	Vasek Pospisil	0	68	64	32	19	8	3	30	43	3	11	26	35	121	6	6	6	1	0	60	59	40	31	13	3	46	47	4	5	25	39	132	3	7	7	6	0
Stanislas Wawrinka	Alejandro Falla	1	56	57	44	31	9	4	61	46	6	17	23	29	142	6	6	6	6	0	60	56	40	25	1	3	26	37	2	7	24	39	117	3	3	7	4	0
Adrian Man0rino	David Ferrer	0	55	44	45	25	5	1	32	73	5	10	18	31	113	6	7	0	3	0	68	56	32	18	0	4	32	48	9	17	21	22	142	7	5	6	6	0
Jeremy Chardy	Alexandr Dolgopolov	1	60	74	40	30	22	10	76	73	5	14	24	38	164	7	7	6	7	0	71	81	29	22	15	2	43	36	4	12	19	24	160	5	6	7	6	0
Pablo Andujar	Jerzy Janowicz	0	79	71	21	20	11	1	57	28	3	11	17	26	149	6	6	6	3	0	67	76	33	25	15	5	63	47	3	11	11	18	151	4	7	7	6	0
Mikhail Youzhny	Florian Mayer	0	55	55	45	36	14	5	48	46	3	7	14	21	126	4	6	3	6	3	60	59	40	33	19	3	48	41	4	11	29	42	136	6	3	6	3	6
Edouard Roger-Vasselin	Guillermo Garcia-Lopez	1	57	49	43	28	11	2	11	2	7	17	0	0	130	7	6	4	6	0	51	46	49	26	9	10	9	10	4	13	0	0	117	6	4	6	1	0
Kevin Anderson	Dominic Thiem	1	65	43	35	18	15	5	30	22	3	5	12	15	87	6	6	6	0	0	59	34	41	16	10	3	28	21	0	2	2	5	69	4	3	4	0	0
Damir Dzumhur	Ivan Dodig	0	51	36	49	26	7	6	33	27	3	5	12	18	95	4	4	6	4	0	55	39	45	20	13	2	37	43	3	7	12	19	91	6	6	3	1	0
Tomas Berdych	Kenny De Schepper	1	64	37	36	15	5	4	29	13	5	8	21	25	93	6	6	6	0	0	63	33	37	10	8	9	29	32	0	0	14	25	57	4	1	3	0	0
Blaz Kavcic	Roger Federer	0	62	32	38	18	6	3	14	21	1	2	4	13	72	2	1	6	0	0	76	45	24	9	11	0	52	35	6	11	23	29	103	6	6	7	0	0
Fer0ndo Verdasco	Teymuraz Gabashvili	0	60	67	40	34	12	18	56	71	6	10	15	26	156	6	6	6	4	4	68	62	32	26	2	4	24	51	5	17	6	10	146	7	3	2	6	6
Marin Cilic	Gilles Simon	0	50	50	50	32	15	7	15	7	7	15	0	0	156	6	6	7	1	2	49	65	51	41	7	8	7	8	10	12	0	0	171	4	7	6	6	6
Jo-Wilfried Tsonga	Thomaz Bellucci	1	64	51	36	18	14	6	47	28	3	9	16	24	110	7	6	6	0	0	45	31	55	34	9	5	19	29	1	4	13	18	88	6	4	4	0	0
Blaz Rola	Martin Klizan	0	63	66	37	24	12	8	12	8	3	4	0	0	123	4	3	7	6	0	58	49	42	34	16	5	16	5	5	14	0	0	139	6	6	5	7	0
Stephane Robert	Michal Przysiezny	1	58	56	42	30	13	8	43	28	6	17	13	15	143	7	6	6	6	0	58	50	42	24	12	6	46	63	2	7	22	36	112	6	1	7	1	0
Michael Berrer	Feliciano Lopez	0	68	47	32	17	6	3	29	25	2	4	37	61	93	4	6	4	0	0	62	45	38	23	8	3	43	24	4	11	17	21	108	6	7	6	0	0
Andy Murray	Vincent Millot	1	59	35	41	17	5	5	25	31	8	17	7	7	106	6	6	7	0	0	55	25	45	20	2	7	22	55	3	4	12	20	68	2	2	5	0	0
Roberto Bautista Agut	Juan Martin Del Potro	1	69	88	31	23	12	6	72	59	5	8	20	28	162	4	6	5	6	7	72	76	28	21	28	2	53	41	4	17	13	25	152	6	3	7	4	5
Benoit Paire	Nick Kyrgios	1	50	68	50	47	32	5	78	45	7	24	28	32	188	6	6	6	6	6	66	86	34	27	24	11	59	74	2	10	21	35	159	7	7	4	2	2
Yen-Hsun Lu	Grigor Dimitrov	0	70	47	30	19	2	2	23	46	2	4	13	18	95	3	3	6	0	0	59	49	41	18	15	7	36	35	5	21	5	9	117	6	6	7	0	0
Milos Raonic	Victor Hanescu	1	64	57	36	23	27	2	63	36	2	6	17	25	116	7	6	6	0	0	67	55	33	22	6	1	23	23	0	5	7	10	101	6	4	4	0	0
Dusan Lajovic	Kei Nishikori	0	70	37	30	8	7	3	17	49	1	5	4	7	68	1	1	6	0	0	64	43	36	15	5	3	30	27	6	12	10	14	104	6	6	7	0	0
Andreas Seppi	Do0ld Young	0	57	57	43	33	12	10	47	65	6	18	9	15	165	4	6	3	6	5	61	71	39	29	6	15	47	78	6	15	31	48	158	6	2	6	4	7
Jack Sock	Gael Monfils	0	58	48	42	23	5	9	34	37	1	1	16	29	92	6	5	2	0	0	62	47	38	23	13	3	39	30	4	11	20	26	117	7	7	6	0	0
Rafael 0dal	Tha0si Kokki0kis	1	74	45	26	11	7	1	39	19	5	10	11	14	91	6	6	6	0	0	67	33	33	10	4	3	21	24	0	3	8	10	61	2	4	2	0	0
Denis Istomin	Novak Djokovic	0	65	41	35	10	5	1	14	26	1	1	3	9	71	3	3	5	0	0	63	38	37	20	6	1	31	23	5	8	16	21	93	6	6	7	0	0
Fabio Fognini	Sam Querrey	1	60	41	40	26	9	3	43	26	4	10	7	11	108	7	6	6	0	0	63	43	37	19	10	1	27	41	1	4	11	23	86	5	4	4	0	0
Tommy Robredo	Richard Gasquet	1	65	70	35	21	16	3	51	38	3	7	18	25	140	2	7	6	7	0	62	61	38	28	4	5	62	34	3	9	44	57	137	6	5	4	6	0
Jeremy Chardy	David Ferrer	0	58	44	42	17	8	8	30	51	1	3	17	27	87	2	6	2	0	0	72	44	28	17	2	1	22	24	5	11	10	12	111	6	7	6	0	0
Florian Mayer	Jerzy Janowicz	1	68	42	32	15	17	0	38	7	5	11	12	13	98	7	6	6	0	0	53	34	47	18	3	7	34	44	0	1	11	15	63	5	2	2	0	0
Kevin Anderson	Edouard Roger-Vasselin	1	67	77	33	26	27	6	82	69	3	12	22	30	164	3	4	6	7	7	74	94	26	20	8	4	43	34	3	7	17	29	162	6	6	3	6	5
Tomas Berdych	Damir Dzumhur	1	57	37	43	19	13	1	32	26	5	9	13	18	93	6	6	6	0	0	44	25	56	17	5	6	21	34	0	2	5	9	58	4	2	2	0	0
Teymuraz Gabashvili	Roger Federer	0	69	38	31	10	3	5	27	33	0	5	7	19	66	2	2	3	0	0	62	39	38	16	6	1	35	18	5	14	11	20	98	6	6	6	0	0
Jo-Wilfried Tsonga	Gilles Simon	1	66	49	34	20	17	0	40	29	3	6	20	27	94	7	6	6	0	0	53	34	47	22	7	3	21	25	0	3	23	28	79	6	4	2	0	0
Stephane Robert	Martin Klizan	1	72	54	28	11	7	5	35	23	4	10	14	17	105	6	7	6	0	0	53	32	47	21	6	4	36	38	0	3	18	29	75	0	6	4	0	0
Andy Murray	Feliciano Lopez	1	64	50	36	16	6	2	29	30	4	11	11	18	106	7	6	6	0	0	57	39	43	20	8	7	31	44	1	1	26	37	84	6	4	2	0	0
Benoit Paire	Roberto Bautista Agut	0	58	30	42	10	13	3	31	59	2	7	11	22	65	2	1	4	0	0	83	46	17	7	4	1	21	23	7	20	11	14	96	6	6	6	0	0
Milos Raonic	Grigor Dimitrov	0	59	55	41	30	21	5	50	39	1	3	22	53	107	3	6	4	6	0	60	55	40	33	15	5	49	13	2	4	12	15	128	6	3	6	7	0
Do0ld Young	Kei Nishikori	0	64	23	36	7	1	5	17	32	1	4	15	30	56	5	1	0	0	0	54	29	46	21	3	1	30	27	8	12	3	7	93	7	6	6	0	0
Rafael 0dal	Gael Monfils	1	67	38	33	20	2	0	21	18	6	12	9	13	107	6	6	6	0	0	69	39	31	10	10	5	33	57	0	6	4	9	70	1	2	3	0	0
Fabio Fognini	Novak Djokovic	0	59	32	41	13	3	7	20	44	0	0	11	16	55	3	0	2	0	0	72	38	28	12	7	2	33	21	6	22	12	16	96	6	6	6	0	0
Stanislas Wawrinka	Tommy Robredo	1	56	54	44	24	14	3	57	37	2	5	17	25	118	6	7	7	0	0	71	53	29	14	1	0	24	22	1	4	13	16	96	3	6	6	0	0
Florian Mayer	David Ferrer	0	61	52	39	27	4	3	33	49	3	11	29	56	118	7	5	2	1	0	63	55	37	24	3	1	64	43	9	19	19	27	153	6	7	6	6	0
Tomas Berdych	Kevin Anderson	1	52	33	48	21	4	3	38	17	5	17	15	18	92	6	6	6	0	0	72	40	28	9	16	1	31	30	0	0	6	19	66	2	2	3	0	0
Jo-Wilfried Tsonga	Roger Federer	0	52	32	48	23	8	1	29	28	0	1	11	25	72	3	5	4	0	0	57	42	43	25	7	1	43	21	3	7	34	41	100	6	7	6	0	0
Andy Murray	Stephane Robert	1	62	59	38	25	8	3	48	47	7	14	16	24	137	6	6	6	6	0	51	39	49	22	3	8	33	56	1	6	20	31	103	1	2	7	2	0
Grigor Dimitrov	Roberto Bautista Agut	1	60	57	40	21	11	3	38	34	4	5	23	35	114	6	3	6	6	0	64	44	36	22	5	1	27	45	1	5	13	23	100	3	6	2	4	0
Rafael 0dal	Kei Nishikori	1	71	67	29	14	12	1	36	28	5	8	10	19	129	7	7	7	0	0	66	51	34	16	2	1	36	51	4	10	20	25	110	6	5	6	0	0
Stanislas Wawrinka	Novak Djokovic	1	58	71	42	36	17	5	51	60	5	10	20	30	153	2	6	6	3	9	73	75	27	23	7	1	45	60	4	7	26	35	161	6	4	2	6	7
Tomas Berdych	David Ferrer	1	52	52	48	27	10	4	43	62	5	13	18	28	128	6	6	2	6	0	61	46	39	23	2	1	30	46	3	12	12	13	119	1	4	6	4	0
Andy Murray	Roger Federer	0	61	60	39	28	9	1	41	46	1	2	17	27	121	3	4	7	3	0	64	61	36	28	10	0	54	42	4	17	49	66	147	6	6	6	6	0
Rafael 0dal	Grigor Dimitrov	1	73	66	27	22	3	7	42	47	4	11	32	36	147	3	7	7	6	0	58	64	42	32	16	5	54	61	3	6	28	41	132	6	6	6	2	0
Tomas Berdych	Stanislas Wawrinka	0	62	71	38	30	21	7	60	49	0	1	23	31	142	3	7	6	6	0	61	72	39	32	18	4	57	49	1	4	14	18	143	6	6	7	7	0
Rafael 0dal	Roger Federer	1	65	41	35	22	3	1	28	25	4	14	3	10	105	7	6	6	0	0	66	45	34	18	8	1	34	50	1	2	23	42	86	6	3	3	0	0
Rafael 0dal	Stanislas Wawrinka	0	78	50	22	10	1	3	19	32	2	6	5	8	88	3	2	6	3	0	55	46	45	22	19	2	53	49	5	15	11	12	116	6	6	3	6	0
Pablo Carreno-Busta	Roger Federer	0	62	27	38	11	1	3	12	29	1	3	9	20	50	2	2	3	0	0	68	33	32	14	10	0	33	19	7	7	14	18	88	6	6	6	0	0
Somdev Devvarman	Daniel Munoz-De La 0va	1	62	54	38	22	7	3	26	20	5	8	12	21	120	6	6	7	0	0	52	35	48	24	0	2	40	47	1	16	22	25	106	3	3	5	0	0
Tobias Kamke	Paolo Lorenzi	1	62	53	38	15	4	6	42	55	10	22	14	32	140	6	6	3	0	6	46	42	54	31	6	8	39	54	10	18	19	27	139	3	3	6	6	3
Julien Benneteau	Ricardas Berankis	1	72	87	28	19	14	2	48	27	4	13	14	30	163	7	6	5	7	0	53	58	47	38	13	10	72	56	4	13	33	43	149	6	3	7	6	0
Lukas Lacko	Sam Querrey	0	52	31	48	22	4	4	21	24	1	1	3	5	72	3	4	4	0	0	58	39	42	19	10	1	42	37	4	7	12	13	93	6	6	6	0	0
Jan Hajek	Denis Kudla	1	70	58	30	18	4	4	35	36	6	12	8	10	130	6	5	6	6	0	68	48	32	17	5	5	30	51	1	7	6	9	93	2	7	0	4	0
Adrian Man0rino	Pablo Cuevas	0	63	71	37	38	5	5	45	80	5	12	28	41	160	3	6	3	7	5	59	67	41	27	5	6	54	57	6	20	14	22	175	6	2	6	5	7
Gilles Simon	Lleyton Hewitt	1	59	42	41	25	7	2	41	49	10	14	11	18	136	3	1	6	6	7	49	40	51	29	4	6	44	72	9	10	19	35	120	6	6	4	1	5
Philipp Petzschner	Marin Cilic	0	56	27	44	13	0	6	12	28	1	2	11	18	54	1	2	3	0	0	50	26	50	20	5	1	35	15	7	12	13	21	92	6	6	6	0	0
Radek Stepanek	Nick Kyrgios	0	63	62	37	29	5	4	41	44	1	6	19	27	132	6	6	6	0	0	56	64	44	35	10	7	46	38	1	3	9	20	130	7	7	7	0	0
Viktor Troicki	James Blake	1	48	29	52	20	12	4	33	12	7	11	14	21	91	6	6	6	0	0	47	22	53	15	3	2	23	31	2	2	9	22	59	4	2	2	0	0
Juan Mo0co	Daniel Gimeno-Traver	0	78	85	22	22	2	1	24	30	5	17	12	18	174	6	6	6	4	4	52	67	48	47	12	5	72	64	5	10	11	18	177	4	4	7	6	6
Benjamin Becker	Jeremy Chardy	0	66	48	34	13	7	5	24	24	1	5	11	14	85	4	2	5	0	0	66	44	34	17	10	6	46	33	5	11	10	16	108	6	6	7	0	0
Roberto Bautista Agut	Gilles Muller	1	83	51	17	6	6	0	27	18	5	14	5	6	100	6	6	6	0	0	55	36	45	18	8	5	32	29	1	3	12	20	75	3	4	2	0	0
Jarkko Nieminen	Paul-Henri Mathieu	1	69	84	31	29	11	4	57	42	6	7	8	13	172	6	4	7	4	6	54	58	46	36	7	8	60	71	5	15	24	33	163	4	6	6	6	2
Jo-Wilfried Tsonga	Aljaz Bedene	1	50	32	50	23	5	0	29	33	6	10	13	17	93	6	6	6	0	0	62	26	38	12	4	4	15	35	1	4	9	13	63	2	2	3	0	0
Marinko Matosevic	David Ferrer	0	59	29	41	10	1	5	20	42	5	8	15	26	76	4	3	4	0	0	55	33	45	18	3	4	22	22	8	11	6	11	98	6	6	6	0	0
Steve Johnson	Albert Montanes	0	55	53	45	32	5	7	56	41	4	5	19	35	118	4	6	3	6	1	65	59	35	21	5	4	38	20	6	19	11	16	142	6	3	6	3	6
Joao Sousa	Go Soeda	1	70	40	30	14	7	2	29	21	7	10	5	7	87	6	6	6	0	0	58	24	42	10	3	4	19	41	1	4	6	11	57	1	3	2	0	0
Marcel Granollers	Feliciano Lopez	0	70	55	30	18	7	3	29	37	5	14	17	34	132	5	6	4	6	0	58	52	42	33	12	3	52	66	4	5	26	38	122	7	2	6	4	0
Illya Marchenko	Kevin Anderson	0	60	39	40	25	0	4	21	35	1	2	8	18	89	3	5	4	0	0	64	50	36	15	13	4	38	33	4	12	12	14	115	6	7	6	0	0
Jan-Len0rd Struff	Evgeny Donskoy	0	48	47	52	32	9	5	53	51	6	11	12	20	132	6	6	6	2	0	59	59	41	25	14	5	40	38	6	10	8	11	132	7	2	7	6	0
Steve Darcis	Michael Llodra	0	71	49	29	23	3	1	35	18	4	6	21	42	112	4	6	1	4	0	58	56	42	16	17	6	59	46	7	18	38	63	131	6	4	6	6	0
Milos Raonic	Xavier Malisse	1	73	55	27	14	16	2	61	36	6	9	32	45	116	6	6	4	6	0	64	42	36	18	8	1	26	18	2	5	9	13	87	2	1	6	4	0
Andreas Haider-Maurer	Nicolas Almagro	0	65	50	35	20	8	3	28	32	1	4	7	10	99	6	4	3	3	0	53	50	47	28	13	6	40	37	4	7	6	12	113	4	6	6	6	0
Martin Alund	Edouard Roger-Vasselin	0	57	31	43	17	1	2	24	41	2	7	11	22	83	2	6	1	0	0	63	45	37	22	6	1	33	34	8	19	16	21	111	6	4	6	6	0
Blaz Kavcic	James Duckworth	1	63	33	37	17	1	0	25	8	7	12	11	20	89	6	6	6	0	0	46	19	54	11	3	4	13	27	1	5	7	22	50	2	2	2	0	0
Andreas Seppi	Leo0rdo Mayer	1	67	73	33	32	8	3	50	69	9	14	18	27	171	6	6	6	6	6	64	68	36	28	11	8	48	69	6	10	19	37	154	7	4	3	7	4
Jurgen Zopp	Tommy Robredo	0	68	35	32	9	3	0	24	27	0	0	14	27	58	3	2	1	0	0	65	37	35	12	6	3	32	7	6	15	8	10	95	6	6	6	0	0
Igor Sijsling	Jurgen Melzer	1	64	41	36	18	16	3	31	16	6	11	3	8	94	6	6	6	0	0	72	37	28	6	5	6	24	22	2	5	8	10	71	4	3	2	0	0
Ernests Gulbis	Rogerio Dutra Silva	1	53	36	47	23	7	2	40	26	6	9	16	24	97	6	7	6	0	0	65	31	35	13	1	2	17	32	3	6	15	23	74	1	6	3	0	0
Tomas Berdych	Gael Monfils	0	66	91	34	33	11	2	72	57	1	5	35	50	174	6	4	7	7	5	72	104	28	27	26	3	66	44	3	8	15	21	189	7	6	6	6	7
Sergiy Stakhovsky	Richard Gasquet	0	55	22	45	17	1	1	16	30	1	4	12	27	57	1	4	3	0	0	67	36	33	16	3	1	26	13	6	10	21	27	88	6	6	6	0	0
Michal Przysiezny	Rhyne Williams	1	67	75	33	27	13	4	57	31	4	12	29	41	151	6	6	7	7	0	67	66	33	21	19	2	45	33	1	10	6	16	134	3	7	5	5	0
Florent Serra	Nikolay Davydenko	0	64	35	36	13	1	1	17	25	2	3	2	3	75	3	4	5	0	0	67	50	33	16	3	3	28	27	5	7	5	5	96	6	6	7	0	0
Florian Mayer	Denis Istomin	0	59	40	41	15	6	3	22	24	4	7	10	14	87	6	3	5	0	0	69	44	31	13	7	3	53	31	5	11	17	26	101	4	6	7	0	0
Albert Ramos	Jerzy Janowicz	0	61	41	39	25	5	1	22	17	1	6	10	18	94	6	5	3	0	0	63	49	37	26	17	3	65	46	3	7	19	22	113	7	7	6	0	0
Kenny De Schepper	Robin Haase	0	64	61	36	21	7	11	56	60	3	6	31	49	125	4	6	6	3	0	65	59	35	25	8	6	35	31	3	8	17	23	131	6	7	2	6	0
Vasek Pospisil	Horacio Zeballos	0	56	67	44	34	21	7	58	53	1	4	21	30	141	6	4	7	4	0	68	71	32	18	10	4	44	42	1	10	15	22	135	7	6	6	1	0
Stanislas Wawrinka	Thiemo De Bakker	1	69	74	31	24	9	3	55	50	4	15	35	56	146	7	6	6	7	0	69	70	31	25	7	2	38	30	1	4	20	33	135	5	3	7	5	0
Jesse Levine	Kei Nishikori	0	52	16	48	9	1	5	9	33	1	3	4	8	49	3	2	0	0	0	51	27	49	19	2	4	26	25	8	11	7	7	86	6	6	6	0	0
Grega Zemlja	Santiago Giraldo	1	52	32	48	21	12	2	43	24	6	13	6	7	92	6	6	6	0	0	64	30	36	12	4	0	19	26	0	3	1	2	62	1	4	1	0	0
Lukasz Kubot	Maxime Teixeira	1	64	30	36	12	4	5	25	45	6	16	16	36	90	6	5	3	0	0	64	37	36	12	4	5	26	42	5	8	11	18	85	4	7	1	0	0
Benoit Paire	Marcos Baghdatis	1	46	40	54	29	6	2	39	46	2	3	21	28	101	3	7	4	0	0	53	34	47	25	2	7	17	24	2	14	13	25	104	6	6	3	0	0
Andreas Beck	Fabio Fognini	0	55	37	45	25	4	4	34	39	1	13	15	23	106	3	5	3	0	0	64	50	36	27	10	5	39	22	5	13	9	11	125	6	7	6	0	0
Pere Riba	Lukas Rosol	0	60	38	40	14	3	0	12	16	1	5	0	6	82	3	4	4	0	0	62	41	38	23	7	4	62	50	4	7	9	12	97	6	6	6	0	0
Martin Klizan	Michael Russell	1	49	29	51	22	7	4	32	37	6	11	13	19	92	3	6	6	0	0	69	35	31	9	3	4	22	32	3	12	10	19	81	6	3	1	0	0
Rafael 0dal	Daniel Brands	1	84	74	16	12	2	4	40	26	3	8	19	25	140	4	7	6	6	0	74	66	26	22	10	1	51	53	1	4	25	40	115	6	6	4	3	0
Fer0ndo Verdasco	Marc Gicquel	1	64	37	36	11	4	5	25	22	7	13	7	12	89	6	6	6	0	0	53	23	47	13	1	3	11	25	1	3	5	8	58	2	3	1	0	0
Federico Delbonis	Julian Reister	1	55	52	45	27	8	8	53	41	7	10	13	23	122	6	6	6	6	0	72	47	28	15	2	1	23	35	1	8	9	15	97	7	1	0	4	0
Mikhail Youzhny	Pablo Andujar	1	65	70	35	20	11	5	71	52	6	20	26	37	153	4	6	6	6	0	56	49	44	27	2	4	28	39	3	12	11	24	127	6	4	2	3	0
Carlos Berlocq	John Isner	0	73	45	27	10	3	3	27	11	1	5	11	18	83	3	4	4	0	0	63	45	37	16	14	1	52	29	4	9	16	27	97	6	6	6	0	0
Andrey Kuznetsov	Ryan Harrison	0	71	48	29	11	4	4	35	31	2	10	17	25	94	3	4	6	0	0	56	46	44	26	6	2	29	20	4	8	12	18	111	6	6	7	0	0
Jack Sock	Guillermo Garcia-Lopez	1	56	32	44	23	4	2	26	26	7	13	6	9	97	6	6	7	0	0	63	30	37	11	0	10	13	38	2	7	9	14	66	2	2	5	0	0
Tommy Haas	Guillaume Rufin	1	65	48	35	13	6	4	27	41	5	9	12	15	101	7	6	6	0	0	61	32	39	21	2	2	16	33	1	4	14	23	78	6	1	3	0	0
Jiri Vesely	Philipp Kohlschreiber	0	61	59	39	25	8	6	35	44	3	5	21	35	120	6	6	5	2	0	62	61	38	21	7	2	50	41	3	13	16	22	132	7	1	7	6	0
Simone Bolelli	Yen-Hsun Lu	0	63	33	37	12	4	0	18	27	1	1	5	8	57	4	4	1	0	0	77	32	23	9	4	0	20	12	4	11	4	6	78	6	6	2	0	0
Ber0rd Tomic	Victor Hanescu	0	63	38	37	17	6	3	36	34	1	11	14	15	91	5	6	1	0	0	71	51	29	19	5	3	27	22	3	5	14	25	103	7	7	2	0	0
Alexandr Dolgopolov	Dmitry Tursunov	0	55	51	45	22	14	2	44	50	3	7	8	11	116	6	4	6	0	0	51	47	49	28	8	6	38	42	4	8	7	13	119	7	6	7	0	0
Alejandro Falla	Grigor Dimitrov	0	54	10	46	7	1	1	6	15	1	5	5	7	38	4	0	0	0	0	59	20	41	10	2	1	14	16	2	2	6	7	48	6	1	0	0	0
Alex Kuznetsov	Lucas Pouille	0	63	33	37	13	5	3	34	49	1	6	19	26	84	1	6	2	0	0	48	36	52	33	8	3	38	37	5	11	10	14	109	6	7	6	0	0
Ivan Dodig	Guido Pella	0	56	80	44	37	21	8	70	72	6	14	35	48	172	6	4	3	6	1	61	71	39	35	4	7	52	49	6	15	21	31	179	4	6	6	2	1
Novak Djokovic	David Goffin	1	69	53	31	20	5	0	26	31	3	11	13	21	114	7	6	7	0	0	61	46	39	25	7	2	32	38	1	2	15	26	99	6	4	5	0	0
Somdev Devvarman	Roger Federer	0	61	19	39	16	2	0	12	14	0	3	3	14	52	2	1	1	0	0	62	30	38	18	3	0	54	33	7	14	19	30	88	6	6	6	0	0
Julien Benneteau	Tobias Kamke	1	72	83	28	23	5	8	63	76	5	10	32	47	174	7	7	5	0	6	65	75	35	37	5	4	55	38	7	16	22	34	183	6	5	7	6	4
Jan Hajek	Sam Querrey	0	66	36	34	16	3	1	31	25	4	8	7	18	88	4	5	4	0	0	62	45	38	14	8	6	39	28	7	12	9	15	107	6	7	6	0	0
Gilles Simon	Pablo Cuevas	1	57	41	43	26	4	1	54	41	10	17	16	22	126	6	6	6	6	0	56	37	44	19	2	4	23	39	2	5	8	14	89	7	1	1	1	0
Nick Kyrgios	Marin Cilic	0	64	33	36	10	3	4	14	23	0	3	2	6	57	4	2	2	0	0	51	32	49	23	8	3	32	15	5	7	5	5	92	6	6	6	0	0
Daniel Gimeno-Traver	Viktor Troicki	0	78	84	22	15	1	3	49	60	7	10	14	23	162	6	6	0	7	4	56	61	44	35	14	2	57	56	10	23	20	37	180	4	7	6	6	6
Roberto Bautista Agut	Jeremy Chardy	0	79	42	21	8	1	0	17	11	0	0	14	20	80	1	5	4	0	0	64	50	36	17	11	4	59	41	4	8	21	28	101	6	7	6	0	0
Jo-Wilfried Tsonga	Jarkko Nieminen	1	65	44	35	19	8	1	35	36	4	7	18	22	106	7	6	6	0	0	61	41	39	25	1	2	24	35	1	1	21	29	83	6	4	3	0	0
Albert Montanes	David Ferrer	0	67	28	33	9	3	1	28	36	2	3	10	17	63	2	1	3	0	0	60	31	40	15	3	2	29	21	8	15	8	13	96	6	6	6	0	0
Feliciano Lopez	Joao Sousa	1	64	56	36	23	17	0	42	36	3	12	17	22	126	3	6	6	6	0	66	58	34	24	10	3	31	41	1	3	11	18	112	6	3	4	4	0
Evgeny Donskoy	Kevin Anderson	0	67	62	33	21	3	2	44	36	0	5	9	13	120	7	1	5	2	0	68	69	32	26	14	3	58	37	5	11	14	19	148	6	6	7	6	0
Milos Raonic	Michael Llodra	1	63	62	37	25	24	5	75	42	4	12	33	46	144	7	3	7	6	0	61	59	39	32	14	4	44	26	2	7	28	56	127	5	6	6	2	0
Edouard Roger-Vasselin	Nicolas Almagro	0	57	30	43	16	4	1	23	34	1	11	11	17	81	2	4	3	0	0	46	36	54	30	9	6	41	45	5	12	11	14	95	6	6	6	0	0
Andreas Seppi	Blaz Kavcic	1	57	67	43	41	14	2	63	40	6	18	24	39	176	6	7	6	4	6	63	64	37	37	7	5	46	40	3	9	19	32	157	0	6	7	6	3
Igor Sijsling	Tommy Robredo	0	52	51	48	30	9	4	64	53	3	6	37	50	132	7	6	3	1	1	62	67	38	28	12	4	52	29	8	14	8	16	157	6	4	6	6	6
Gael Monfils	Ernests Gulbis	1	64	65	36	32	8	4	29	33	7	11	10	19	139	6	6	7	6	0	60	55	40	22	3	6	52	69	4	12	26	38	132	7	4	6	2	0
Michal Przysiezny	Richard Gasquet	0	64	27	36	8	3	0	14	34	2	3	6	13	53	3	3	0	0	0	59	32	41	14	9	3	39	15	8	13	6	9	92	6	6	6	0	0
Denis Istomin	Nikolay Davydenko	0	68	41	32	19	3	0	19	41	1	1	13	22	80	4	5	2	0	0	65	41	35	18	2	1	22	28	5	14	15	21	102	6	7	6	0	0
Robin Haase	Jerzy Janowicz	0	68	51	32	21	1	0	23	28	3	10	17	34	115	4	6	4	3	0	60	48	40	28	5	7	59	47	6	14	25	44	124	6	4	6	6	0
Stanislas Wawrinka	Horacio Zeballos	1	66	52	34	18	19	6	50	33	3	6	13	25	111	6	7	6	0	0	62	46	38	16	4	3	25	26	0	8	17	24	90	2	6	4	0	0
Grega Zemlja	Kei Nishikori	0	48	39	52	24	5	5	24	47	6	10	8	13	110	1	7	1	4	0	63	45	37	19	4	5	43	56	11	23	16	19	135	6	5	6	6	0
Benoit Paire	Lukasz Kubot	1	57	34	43	20	9	3	54	35	7	16	15	22	102	7	6	6	0	0	75	46	25	8	1	2	23	26	4	6	9	24	82	6	2	4	0	0
Lukas Rosol	Fabio Fognini	0	57	51	43	21	8	3	37	51	2	6	17	33	105	2	6	6	1	0	74	60	26	17	7	4	34	36	4	11	5	11	131	6	7	2	6	0
Rafael 0dal	Martin Klizan	1	74	55	26	10	5	2	27	29	7	10	14	20	113	4	6	6	6	0	56	30	44	25	6	5	32	57	4	7	15	28	90	6	3	3	3	0
Fer0ndo Verdasco	Janko Tipsarevic	0	58	77	42	40	10	9	74	89	4	14	29	39	187	6	1	6	7	6	64	82	36	38	9	1	49	52	5	20	21	32	194	7	6	3	5	8
Mikhail Youzhny	Federico Delbonis	1	69	70	31	24	5	4	44	45	6	15	19	32	152	6	6	7	6	0	57	55	43	30	2	5	48	48	3	11	17	32	136	3	7	5	4	0
Ryan Harrison	John Isner	0	64	88	36	32	9	9	52	37	1	7	13	26	160	7	7	3	1	6	65	81	35	37	15	2	61	52	5	18	39	56	183	5	6	6	6	8
Tommy Haas	Jack Sock	1	74	62	26	15	11	3	34	30	4	16	10	15	116	7	6	7	0	0	54	39	46	22	4	6	25	34	1	7	18	26	96	6	2	5	0	0
Dmitry Tursunov	Victor Hanescu	0	59	31	41	9	6	4	25	15	2	2	6	9	62	4	6	0	0	0	67	33	33	9	6	0	24	10	3	5	5	6	66	6	6	0	0	0
Lucas Pouille	Grigor Dimitrov	0	60	31	40	14	1	3	15	39	1	6	13	23	71	1	6	1	0	0	49	37	51	29	5	3	37	33	5	10	17	19	103	6	7	6	0	0
Novak Djokovic	Guido Pella	1	72	38	28	10	1	2	29	26	7	16	17	23	93	6	6	6	0	0	57	26	43	12	1	4	10	34	0	1	3	7	58	2	0	2	0	0
Julien Benneteau	Roger Federer	0	82	41	18	8	2	1	15	31	1	3	9	15	64	3	4	5	0	0	65	42	35	22	7	0	38	21	4	4	8	11	98	6	6	7	0	0
Gilles Simon	Sam Querrey	1	60	52	40	32	3	2	36	29	6	10	11	22	133	2	6	2	7	6	58	60	42	21	9	7	61	50	7	14	21	33	134	6	3	6	6	2
Viktor Troicki	Marin Cilic	1	65	61	35	20	7	4	32	36	4	10	13	21	128	7	6	7	0	0	59	43	41	27	6	4	34	56	2	9	20	29	115	6	4	5	0	0
Jo-Wilfried Tsonga	Jeremy Chardy	1	67	40	33	17	6	0	25	24	5	10	13	15	86	6	6	7	0	0	65	35	35	10	3	3	17	34	0	2	15	21	60	1	2	5	0	0
Feliciano Lopez	David Ferrer	0	63	37	37	14	5	3	21	41	3	5	18	28	80	1	5	4	0	0	66	41	34	17	1	4	35	30	7	19	14	20	111	6	7	6	0	0
Milos Raonic	Kevin Anderson	0	57	49	43	29	16	1	50	38	1	4	13	27	102	5	6	3	0	0	69	54	31	19	8	2	31	15	3	12	10	12	126	7	7	6	0	0
Andreas Seppi	Nicolas Almagro	0	51	34	49	18	6	2	32	37	1	5	5	8	74	6	0	4	0	0	69	50	31	12	19	2	43	20	5	13	12	14	107	7	6	6	0	0
Gael Monfils	Tommy Robredo	0	68	73	32	27	2	1	61	68	4	12	28	36	154	6	7	2	6	2	70	74	30	30	4	2	50	52	6	17	28	40	170	2	6	6	7	6
Nikolay Davydenko	Richard Gasquet	0	76	46	24	9	3	0	36	38	2	3	11	18	83	4	4	3	0	0	68	40	32	19	5	3	27	18	5	10	17	31	101	6	6	6	0	0
Stanislas Wawrinka	Jerzy Janowicz	1	58	54	42	31	9	2	48	29	5	14	24	32	136	6	6	6	6	0	61	58	39	23	6	10	37	46	1	5	19	31	116	3	7	3	3	0
Benoit Paire	Kei Nishikori	0	43	40	57	36	6	9	36	64	4	9	10	20	119	3	7	4	1	0	63	53	37	23	1	5	27	34	8	19	14	27	137	6	6	6	6	0
Rafael 0dal	Fabio Fognini	1	78	52	22	14	5	1	24	40	5	18	15	20	122	7	6	6	0	0	67	47	33	26	3	2	47	59	3	11	17	31	111	6	4	4	0	0
Mikhail Youzhny	Janko Tipsarevic	1	64	40	36	21	3	3	42	29	4	8	16	24	96	6	6	6	0	0	49	28	51	25	5	5	22	22	0	3	10	20	77	4	4	3	0	0
Tommy Haas	John Isner	0	63	99	37	52	15	9	85	43	3	23	14	23	224	7	7	4	6	1	78	132	22	24	27	0	92	58	2	13	52	80	213	5	6	6	7	8
Victor Hanescu	Philipp Kohlschreiber	0	73	31	27	8	1	5	21	24	1	14	9	22	71	0	6	1	0	0	59	43	41	20	6	1	40	23	6	9	19	32	105	6	7	6	0	0
Novak Djokovic	Grigor Dimitrov	1	68	39	32	13	2	0	13	22	7	16	6	13	94	6	6	6	0	0	69	33	31	9	0	2	18	48	1	5	8	12	61	2	2	3	0	0
Gilles Simon	Roger Federer	0	61	65	39	28	5	3	32	47	3	6	15	28	131	1	6	6	2	3	64	56	36	23	9	2	60	56	6	14	25	35	147	6	4	2	6	6
Jo-Wilfried Tsonga	Viktor Troicki	1	77	45	23	15	1	2	33	24	4	12	18	25	98	6	6	6	0	0	62	34	38	15	5	1	20	27	0	3	19	28	70	3	3	3	0	0
Kevin Anderson	David Ferrer	0	71	34	29	7	5	2	25	41	0	2	6	12	60	3	1	1	0	0	52	28	48	24	1	3	28	11	6	17	9	12	97	6	6	6	0	0
Tommy Robredo	Nicolas Almagro	1	63	73	37	31	8	2	42	39	7	20	23	27	169	6	3	6	6	6	63	71	37	31	7	1	69	67	6	13	19	30	165	7	6	4	4	4
Stanislas Wawrinka	Richard Gasquet	1	63	81	37	41	13	6	92	55	4	20	31	45	191	6	4	6	7	8	60	87	40	38	10	2	57	46	2	11	37	53	178	7	6	4	5	6
Rafael 0dal	Kei Nishikori	1	69	39	31	16	1	0	20	25	5	8	6	8	91	6	6	6	0	0	65	27	35	15	0	1	14	39	0	4	8	16	65	4	1	3	0	0
Tommy Haas	Mikhail Youzhny	1	61	31	39	14	2	3	25	18	8	15	12	15	82	6	6	6	0	0	63	16	37	12	0	3	17	32	2	6	13	21	54	1	1	3	0	0
Novak Djokovic	Philipp Kohlschreiber	1	74	71	26	23	2	2	38	42	4	8	13	31	134	4	6	6	6	0	55	48	45	28	4	3	48	48	2	13	17	24	123	6	3	4	4	0
Jo-Wilfried Tsonga	Roger Federer	1	75	46	25	10	2	0	26	22	6	14	15	23	103	7	6	6	0	0	67	39	33	14	0	3	25	34	2	3	15	30	73	5	3	3	0	0
Tommy Robredo	David Ferrer	0	59	22	41	9	2	2	9	28	0	1	4	7	46	2	1	1	0	0	47	25	53	22	1	3	26	18	7	12	13	15	84	6	6	6	0	0
Rafael 0dal	Stanislas Wawrinka	1	75	40	25	11	5	0	31	17	7	12	13	16	96	6	6	6	0	0	60	30	40	12	3	4	23	40	1	5	16	30	64	2	3	1	0	0
Novak Djokovic	Tommy Haas	1	64	41	36	22	11	0	46	25	5	12	22	27	116	6	7	7	0	0	60	48	40	21	4	5	19	34	2	2	2	17	84	3	6	5	0	0
David Ferrer	Jo-Wilfried Tsonga	1	60	35	40	23	3	1	24	21	6	17	17	22	107	6	7	6	0	0	58	37	42	17	6	3	31	56	2	5	7	16	84	1	6	2	0	0
Novak Djokovic	Rafael 0dal	0	67	76	33	30	5	2	54	75	5	9	32	50	158	4	6	1	7	7	64	73	36	35	6	3	61	44	8	16	15	26	177	6	3	6	6	9
Rafael 0dal	David Ferrer	1	70	43	30	11	5	2	35	25	8	16	13	17	100	6	6	6	0	0	62	31	38	8	1	5	22	35	3	12	10	14	72	3	2	3	0	0
B.Becker	A.Murray	0	59	29	41	14	5	1	26	18	5	1	28	19	0	4	3	2	0	0	57	39	43	20	11	2	38	16	10	5	23	17	0	6	6	6	0	0
J.Ward	Y-H.Lu	0	62	77	38	35	18	4	60	28	13	1	27	19	0	7	4	6	6	0	67	85	33	31	12	3	57	32	15	2	46	39	0	6	6	7	7	0
N.Mahut	J.Hajek	1	72	44	28	10	17	3	41	18	8	5	26	17	0	6	6	6	0	0	70	34	30	14	4	0	24	13	1	0	19	12	0	2	4	3	0	0
T.Robredo	A.Bogomolov Jr.	1	77	40	23	12	6	0	25	11	14	5	14	11	0	6	6	6	0	0	79	35	21	8	1	4	16	27	0	0	22	13	0	2	2	4	0	0
R.Haase	M.Youzhny	0	68	61	32	15	7	2	32	29	2	0	29	20	0	4	5	5	0	0	67	53	33	17	9	3	40	26	21	3	44	30	0	6	7	7	0	0
M.Gicquel	V.Pospisil	0	59	41	41	27	7	6	22	28	6	1	11	6	0	3	2	6	0	0	70	56	30	11	25	3	53	30	12	4	33	26	0	6	6	7	0	0
A.Kuznetsov	A.Montanes	1	63	56	37	21	21	3	56	32	16	4	21	15	0	6	6	3	6	0	73	59	27	14	7	8	33	28	9	2	11	10	0	3	4	6	3	0
J.Tipsarevic	V.Troicki	0	61	47	39	21	3	1	28	16	4	0	33	24	0	3	4	6	0	0	71	55	29	16	15	2	40	26	10	2	38	27	0	6	6	7	0	0
M.Baghdatis	M.Cilic	0	61	31	39	16	4	5	20	18	1	1	14	9	0	3	4	4	0	0	70	45	30	16	16	2	41	19	6	4	11	8	0	6	6	6	0	0
K.De Schepper	P.Lorenzi	1	67	56	33	21	22	6	61	29	8	3	47	35	0	7	6	6	0	0	54	40	46	22	4	2	22	15	6	0	23	15	0	6	4	2	0	0
L.Lacko	R.Ram	0	64	66	36	18	13	2	55	40	3	1	22	15	0	5	4	7	2	0	67	64	33	23	16	0	52	21	16	5	50	32	0	7	6	6	6	0
J.Mo0co	B.Knittel	1	78	46	22	9	6	2	19	20	14	6	9	7	0	6	6	6	0	0	58	33	42	17	4	12	17	44	1	1	21	14	0	4	2	3	0	0
T.Kamke	J.Benneteau	0	69	60	31	14	3	2	33	33	7	2	34	25	0	4	7	4	2	0	63	65	37	26	12	6	60	27	12	6	61	44	0	6	6	6	6	0
F.Verdasco	X.Malisse	1	63	58	37	21	20	7	64	29	11	6	25	18	0	6	6	6	6	0	63	48	37	24	7	1	23	34	2	1	27	14	0	7	1	4	3	0
E.Roger-Vasselin	E.Gulbis	0	66	48	34	21	5	5	42	30	11	2	49	29	0	6	4	5	0	0	65	59	35	20	20	6	55	36	8	4	26	17	0	7	6	7	0	0
J-W.Tsonga	D.Goffin	1	68	54	32	15	18	2	47	13	6	3	48	32	0	7	6	6	0	0	71	46	29	19	2	3	40	10	1	0	36	26	0	6	4	3	0	0
V.Hanescu	R.Federer	0	85	26	15	3	3	1	14	13	0	0	22	8	0	3	2	0	0	0	70	35	30	14	7	0	32	6	8	6	25	21	0	6	6	6	0	0
R.Dutra Silva	S.Stakhovsky	0	54	27	46	17	1	3	17	22	2	0	21	11	0	4	0	4	0	0	62	38	38	20	7	2	29	15	8	5	41	29	0	6	6	6	0	0
J.Reister	L.Rosol	1	68	102	32	27	22	10	55	44	19	4	34	22	0	6	4	7	6	6	59	81	41	39	20	13	95	74	17	3	59	42	0	3	6	6	7	4
F.Fognini	J.Melzer	0	66	52	34	21	3	2	49	33	12	4	37	24	0	7	5	3	2	0	69	62	31	22	8	3	45	29	15	8	82	50	0	6	7	6	6	0
K.Edmund	J.Janowicz	0	71	39	29	10	4	3	17	12	4	0	11	9	0	2	2	4	0	0	68	40	32	17	11	4	39	17	21	5	17	11	0	6	6	6	0	0
R.Stepanek	M.Reid	1	66	37	34	17	8	1	35	19	12	5	43	33	0	6	6	6	0	0	60	34	40	12	12	7	29	30	2	0	21	10	0	2	2	4	0	0
M.Matosevic	G.Rufin	0	53	43	47	22	6	3	29	36	12	4	31	17	0	1	6	4	3	0	47	42	53	26	6	9	29	47	14	8	34	20	0	6	4	6	6	0
N.Almagro	J.Zopp	1	55	43	45	29	11	4	36	14	10	2	21	18	0	6	7	7	0	0	52	51	48	27	11	11	34	36	0	0	26	14	0	4	6	5	0	0
L.Hewitt	S.Wawrinka	1	57	37	43	26	5	1	32	11	15	6	31	20	0	6	7	6	0	0	60	41	40	20	12	2	44	37	10	2	21	13	0	4	5	3	0	0
D.Brown	G.Garcia-Lopez	1	75	47	25	12	9	2	46	21	7	4	41	29	0	6	6	6	0	0	67	32	33	10	4	4	23	13	3	0	13	9	0	3	3	3	0	0
P.Andujar	A.Man0rino	0	60	32	40	12	1	3	15	20	0	0	15	11	0	1	2	3	0	0	63	31	37	17	6	0	34	14	13	6	31	23	0	6	6	6	0	0
J.Isner	E.Donskoy	1	75	55	25	19	22	1	40	20	4	2	24	16	0	6	7	7	0	0	65	47	35	15	4	4	27	20	0	0	18	13	0	1	6	6	0	0
A.Ungur	B.Paire	0	59	43	41	25	2	5	26	21	2	2	25	14	0	4	6	3	1	0	63	51	37	18	26	3	64	21	13	6	33	21	0	6	4	6	6	0
S.Robert	A.Falla	1	68	50	32	13	5	4	37	30	15	7	24	18	0	6	7	7	0	0	57	41	43	22	1	6	28	42	9	5	30	16	0	3	6	5	0	0
L.Kubot	I.Andreev	1	60	34	40	16	11	6	43	18	11	7	37	28	0	6	7	6	0	0	69	28	31	9	5	2	20	21	3	2	9	4	0	1	5	2	0	0
R.0dal	S.Darcis	0	67	52	33	21	6	3	32	24	7	2	36	28	0	6	6	4	0	0	60	53	40	28	13	2	53	24	11	3	46	32	0	7	7	6	0	0
A.Ramos	J.Del Potro	0	58	30	42	8	7	4	29	23	6	1	16	9	0	2	5	1	0	0	73	45	27	12	10	1	34	10	8	6	11	9	0	6	7	6	0	0
G.Pella	J.Levine	0	65	58	35	26	15	3	50	33	19	4	30	22	0	4	2	6	6	3	63	63	37	29	18	10	61	53	8	5	46	34	0	6	6	4	3	4
G.Zemlja	M.Russell	1	68	67	32	20	18	5	68	33	10	6	44	31	0	6	6	6	6	0	66	60	34	17	10	5	38	36	11	2	30	20	0	7	4	4	1	0
G.Dimitrov	S.Bolelli	1	73	43	27	10	15	2	26	9	11	5	16	12	0	6	6	6	0	0	59	34	41	13	4	2	20	28	0	0	12	5	0	1	4	3	0	0
D.Istomin	A.Seppi	0	62	78	38	32	17	2	60	40	7	3	23	14	0	6	6	7	6	3	61	84	39	36	13	5	47	49	5	2	26	17	0	7	7	5	3	6
M.Llodra	J.Nieminen	1	62	43	38	21	17	4	43	15	6	3	47	32	0	7	6	6	0	0	65	44	35	18	3	3	24	14	1	1	15	9	0	6	4	3	0	0
L.Mayer	A.Bedene	1	63	47	37	20	13	4	41	33	7	4	24	16	0	6	6	6	0	0	60	34	40	16	7	3	19	30	6	0	10	5	0	2	3	4	0	0
K.Nishikori	M.Ebden	1	67	37	33	19	1	2	32	14	11	6	26	17	0	6	6	6	0	0	61	39	39	12	8	6	20	25	2	1	23	15	0	2	4	3	0	0
I.Dodig	P.Kohlschreiber	1	65	84	35	25	20	8	69	30	12	2	54	36	0	4	6	7	6	2	57	75	43	37	14	3	60	34	6	1	39	23	0	6	7	6	3	1
J.Duckworth	D.Kudla	0	58	63	42	20	19	5	53	44	17	4	47	32	0	4	2	6	6	1	61	63	39	35	5	3	44	31	15	7	47	31	0	6	6	3	4	6
A.Kuznetsov	I.Sijsling	0	61	39	39	11	8	1	39	18	6	0	17	12	0	3	4	4	0	0	60	49	40	21	12	9	39	17	4	3	26	16	0	6	6	6	0	0
M.Raonic	C.Berlocq	1	71	45	29	13	19	5	54	18	12	4	27	17	0	6	6	6	0	0	64	42	36	18	4	2	23	13	1	0	25	16	0	4	3	3	0	0
G.Elias	A.Dolgopolov	0	43	22	57	26	0	6	14	20	2	1	22	12	0	1	6	2	0	0	64	38	36	19	7	0	38	17	10	5	42	27	0	6	7	6	0	0
H.Zeballos	S.Giraldo	0	61	66	39	37	17	6	66	55	9	2	46	28	0	6	6	7	1	3	73	76	27	30	13	0	47	39	9	5	27	15	0	3	7	6	6	6
R.Bautista Agut	T.Gabashvili	1	75	63	25	16	6	1	31	25	10	4	20	15	0	6	6	7	0	0	58	40	42	21	5	5	38	52	8	2	26	16	0	3	4	6	0	0
D.Ferrer	M.Alund	1	68	57	32	15	7	6	31	22	12	6	30	26	0	6	4	7	6	0	74	53	26	13	8	2	28	23	3	2	23	14	0	1	6	5	2	0
M.Klizan	T.Berdych	0	64	38	36	18	5	6	28	24	3	0	24	11	0	3	4	4	0	0	62	47	38	17	6	1	31	14	9	3	26	20	0	6	6	6	0	0
D.Brands	D.Gimeno-Traver	1	65	90	35	38	19	3	59	41	8	3	46	30	0	7	6	6	6	6	69	93	31	27	20	3	64	37	4	0	18	10	0	6	7	7	1	4
P.Petzschner	M.Przysiezny	0	65	31	35	11	3	0	19	26	4	1	26	14	0	3	6	0	0	0	56	41	44	21	4	2	29	20	8	5	27	22	0	6	7	6	0	0
K.Anderson	O.Rochus	1	72	39	28	14	28	2	68	19	10	5	16	9	0	6	6	6	0	0	62	30	38	17	0	0	17	14	0	0	4	1	0	4	2	1	0	0
B.Tomic	S.Querrey	1	78	86	22	20	11	2	45	30	8	2	21	10	0	7	7	3	2	6	64	81	36	28	36	5	79	43	13	4	42	29	0	6	6	6	6	3
J.Blake	T.De Bakker	1	52	30	48	20	7	1	31	7	17	6	31	22	0	6	6	6	0	0	64	30	36	14	7	3	23	17	1	0	23	10	0	1	3	2	0	0
A.Haider-Maurer	G.Soeda	0	56	43	44	18	8	6	35	29	2	2	26	16	0	6	5	1	0	0	55	39	45	25	9	2	31	14	9	5	21	14	0	7	7	6	0	0
R.Gasquet	M.Granollers	1	65	65	35	22	8	1	60	28	16	5	46	31	0	6	6	7	6	0	72	73	28	15	11	3	48	29	5	2	75	50	0	7	4	5	4	0
D.Tursunov	T.Haas	0	56	37	44	24	5	4	29	13	4	0	22	14	0	3	5	5	0	0	64	56	36	18	17	3	45	13	6	3	19	14	0	6	7	7	0	0
W.Odesnik	Y-T.Wang	0	70	73	30	28	6	2	52	60	12	8	35	21	0	6	6	2	6	5	69	69	31	22	9	2	50	59	25	9	52	35	0	7	4	6	3	7
R.Berankis	P-H.Mathieu	0	52	73	48	36	19	10	67	38	8	1	35	23	0	6	5	7	4	0	61	73	39	30	26	4	68	25	10	3	35	29	0	7	7	6	6	0
G.Simon	F.Lopez	0	60	49	40	27	5	6	40	26	0	0	56	36	0	2	4	6	0	0	71	55	29	17	21	2	42	12	10	3	44	31	0	6	6	7	0	0
R.Harrison	J.Chardy	0	65	70	35	30	18	2	43	17	3	1	49	26	0	6	6	5	2	0	66	66	34	22	10	6	60	30	17	3	63	43	0	7	4	7	6	0
B.Kavcic	J.Struff	0	58	40	42	12	7	1	16	19	9	0	5	3	0	4	1	3	0	0	59	38	41	22	20	3	53	25	14	5	17	11	0	6	6	6	0	0
B.Reynolds	S.Johnson	1	62	68	38	38	22	1	52	32	16	3	45	26	0	1	7	6	6	6	55	76	45	39	25	8	76	55	11	2	36	26	0	6	6	3	7	4
N.Djokovic	F.Mayer	1	63	41	37	26	5	0	40	20	11	3	26	20	0	6	7	6	0	0	60	46	40	20	3	0	25	12	3	0	29	19	0	3	5	4	0	0
Y-H.Lu	A.Murray	0	66	49	34	13	1	5	29	27	3	0	39	25	0	3	3	5	0	0	63	44	37	20	11	1	41	14	15	4	23	19	0	6	6	7	0	0
T.Robredo	N.Mahut	1	63	52	37	28	9	3	38	9	5	2	15	10	0	7	6	7	0	0	65	48	35	18	17	3	39	19	2	0	54	31	0	6	1	6	0	0
V.Pospisil	M.Youzhny	0	63	83	37	25	26	2	66	27	7	2	61	39	0	2	7	6	6	4	64	76	36	39	8	2	53	20	7	4	46	32	0	6	6	7	3	6
V.Troicki	A.Kuznetsov	1	63	43	37	16	15	4	30	17	12	4	22	16	0	6	6	6	0	0	65	34	35	15	3	3	26	22	1	1	21	13	0	4	3	4	0	0
J.Mo0co	R.Ram	1	68	54	32	24	7	0	53	10	14	5	19	15	0	5	6	6	6	0	77	68	23	11	10	3	35	21	3	1	70	33	0	7	2	4	2	0
F.Verdasco	J.Benneteau	1	55	48	45	27	15	4	53	16	9	2	25	15	0	7	7	6	0	0	62	55	38	24	7	3	25	16	2	1	39	25	0	6	6	4	0	0
J-W.Tsonga	E.Gulbis	0	68	40	32	13	9	5	19	14	10	2	38	22	0	6	3	3	0	0	61	40	39	17	12	8	45	24	8	3	25	16	0	3	6	6	0	0
S.Stakhovsky	R.Federer	1	66	83	34	36	17	2	72	17	7	2	96	61	0	6	7	7	7	0	72	91	28	24	16	1	57	13	8	1	54	35	0	7	6	5	6	0
J.Melzer	J.Reister	1	64	60	36	33	12	1	56	28	12	2	71	49	0	3	7	7	6	0	70	68	30	27	10	5	42	21	9	1	39	23	0	6	6	6	2	0
N.Almagro	G.Rufin	1	69	71	31	20	21	4	55	17	10	5	29	24	0	7	6	6	6	0	63	63	37	18	17	6	48	30	3	2	51	33	0	5	7	3	4	0
D.Brown	L.Hewitt	1	64	71	36	25	21	5	74	22	6	5	87	48	0	6	6	6	6	0	55	52	45	29	12	4	42	13	10	1	34	15	0	4	4	7	2	0
S.Robert	B.Paire	0	61	42	39	23	4	4	29	27	4	0	30	20	0	4	5	4	0	0	57	49	43	23	12	2	39	27	6	3	41	26	0	6	7	6	0	0
J.Levine	J.Del Potro	0	61	41	39	16	13	7	38	29	3	1	41	26	0	2	6	3	0	0	69	46	31	16	13	0	37	13	11	4	10	6	0	6	7	6	0	0
G.Dimitrov	G.Zemlja	0	68	92	32	33	21	5	56	31	17	2	40	31	0	6	6	6	4	8	56	79	44	47	18	5	51	32	6	1	38	27	0	3	7	3	6	9
K.Nishikori	L.Mayer	1	67	51	33	19	2	5	29	20	12	5	15	9	0	7	6	6	0	0	65	44	35	15	5	5	27	28	5	2	32	19	0	6	4	2	0	0
D.Kudla	I.Dodig	0	57	39	43	24	3	5	26	22	7	2	40	26	0	1	6	5	0	0	61	55	39	22	24	4	48	20	13	5	28	20	0	6	7	7	0	0
M.Raonic	I.Sijsling	0	68	57	32	17	22	4	48	24	4	0	22	14	0	5	4	6	0	0	67	52	33	23	17	2	40	7	5	2	24	20	0	7	6	7	0	0
D.Brands	T.Berdych	0	75	53	25	11	19	1	33	10	1	1	20	13	0	6	4	2	0	0	58	40	42	26	15	1	55	10	11	4	29	20	0	7	6	6	0	0
K.Anderson	M.Przysiezny	1	69	49	31	18	15	2	33	10	6	3	27	18	0	6	7	6	0	0	60	42	40	21	6	4	28	20	1	1	22	16	0	4	6	4	0	0
J.Blake	B.Tomic	0	59	37	41	16	11	4	38	21	5	2	24	18	0	3	4	5	0	0	72	54	28	13	4	0	33	12	8	5	19	15	0	6	6	7	0	0
R.Gasquet	G.Soeda	1	57	47	43	23	11	5	54	21	18	9	28	22	0	6	6	6	6	0	56	45	44	20	2	3	34	31	6	4	44	29	0	0	3	7	3	0
J.Struff	J.Chardy	1	55	36	45	17	7	3	20	15	2	1	10	6	0	2	7	2	0	0	59	28	41	16	9	3	30	7	7	2	16	9	0	6	5	1	0	0
N.Djokovic	B.Reynolds	1	59	39	41	22	12	0	41	12	18	4	20	14	0	7	6	6	0	0	68	53	32	15	8	5	25	19	0	0	21	15	0	6	3	1	0	0
T.Robredo	A.Murray	0	67	47	33	12	6	1	34	25	3	1	29	21	0	2	4	5	0	0	65	44	35	16	9	0	40	14	7	5	28	20	0	6	6	7	0	0
J.Melzer	S.Stakhovsky	1	67	51	33	19	9	0	47	16	7	6	39	25	0	6	2	7	6	0	62	45	38	21	14	6	44	20	9	3	65	38	0	2	6	5	3	0
N.Almagro	J.Janowicz	0	72	58	28	8	18	3	32	18	1	1	19	9	0	6	3	4	0	0	69	52	31	16	30	3	59	15	5	3	15	14	0	7	6	6	0	0
A.Man0rino	D.Brown	1	65	44	35	20	16	2	40	10	12	4	28	14	0	6	6	7	0	0	58	42	42	16	11	3	34	20	5	0	61	29	0	4	2	5	0	0
G.Zemlja	J.Del Potro	0	67	53	33	11	14	5	44	27	0	0	21	13	0	5	6	0	0	0	61	47	39	20	10	4	29	12	9	4	13	7	0	7	7	6	0	0
K.Nishikori	A.Seppi	0	69	63	31	23	3	6	44	45	11	3	30	23	0	6	2	7	1	4	60	65	40	34	9	1	44	28	12	6	32	26	0	3	6	6	6	6
I.Sijsling	I.Dodig	0	62	12	38	4	3	0	8	10	0	0	14	4	0	0	1	0	0	0	47	12	53	17	5	1	21	6	9	6	6	5	0	6	6	1	0	0
D.Ferrer	A.Dolgopolov	1	70	76	30	22	6	8	34	39	24	7	50	34	0	6	7	2	6	6	59	76	41	33	15	2	56	34	9	5	53	35	0	7	6	6	1	2
K.Anderson	T.Berdych	0	60	53	40	25	19	3	45	12	14	3	29	16	0	6	3	4	5	0	53	54	47	27	11	5	50	19	18	5	34	24	0	3	6	6	7	0
R.Gasquet	B.Tomic	0	69	83	31	27	15	3	73	25	8	1	64	51	0	6	7	5	6	0	81	101	19	15	19	1	60	23	7	1	34	25	0	7	5	7	7	0
F.Lopez	T.Haas	0	54	48	46	30	14	3	42	25	10	2	38	24	0	6	2	5	4	0	76	63	24	18	18	2	43	22	10	5	38	24	0	4	6	7	6	0
N.Djokovic	J.Chardy	1	74	40	26	12	8	1	38	3	16	5	21	18	0	6	6	6	0	0	66	32	34	15	6	4	18	14	0	0	23	12	0	3	2	2	0	0
M.Youzhny	A.Murray	0	61	36	39	16	1	1	33	20	5	2	55	39	0	4	6	1	0	0	63	55	37	16	15	4	45	16	10	5	42	31	0	6	7	6	0	0
F.Verdasco	K.De Schepper	1	64	42	36	18	9	4	42	13	14	4	21	13	0	6	6	6	0	0	67	43	33	15	9	3	26	12	2	1	51	31	0	4	4	4	0	0
J.Janowicz	J.Melzer	1	57	68	43	36	16	8	54	26	9	3	42	28	0	3	7	6	4	6	71	76	29	28	11	3	57	19	12	3	50	32	0	6	6	4	6	4
L.Kubot	A.Man0rino	1	67	72	33	25	26	7	62	34	16	3	87	56	0	4	6	3	6	6	59	69	41	35	13	3	51	24	5	2	39	24	0	6	3	6	3	4
A.Seppi	J.Del Potro	0	59	47	41	18	5	4	36	20	2	0	27	21	0	4	6	3	0	0	72	55	28	18	9	1	36	15	11	2	28	15	0	6	7	6	0	0
D.Ferrer	I.Dodig	1	66	62	34	29	7	3	53	25	15	5	46	31	0	6	7	6	6	0	66	64	34	25	14	3	47	32	6	0	54	30	0	7	6	1	1	0
B.Tomic	T.Berdych	0	71	82	29	22	19	2	43	31	7	1	24	12	0	6	7	4	4	0	58	68	42	30	24	5	68	42	15	3	48	30	0	7	6	6	6	0
N.Djokovic	T.Haas	1	65	44	35	17	13	3	40	16	13	6	22	15	0	6	6	7	0	0	73	43	27	14	4	2	25	26	7	2	35	16	0	1	4	6	0	0
F.Verdasco	A.Murray	0	59	63	41	29	11	9	45	45	7	3	45	26	0	6	6	1	4	5	69	72	31	23	14	3	36	27	11	5	31	22	0	4	3	6	6	7
L.Kubot	J.Janowicz	0	57	44	43	20	9	3	32	11	6	0	54	30	0	5	4	4	0	0	68	63	32	12	30	9	58	14	10	3	16	12	0	7	6	6	0	0
D.Ferrer	J.Del Potro	0	68	45	32	17	8	2	41	22	2	0	31	25	0	2	4	6	0	0	72	55	28	11	12	0	42	11	8	3	21	17	0	6	6	7	0	0
N.Djokovic	T.Berdych	1	61	42	39	21	16	1	36	13	10	4	17	11	0	7	6	6	0	0	53	33	47	27	6	4	31	25	2	2	31	21	0	6	4	3	0	0
J.Janowicz	A.Murray	0	55	54	45	27	9	11	43	43	7	1	51	32	0	7	4	4	3	0	70	60	30	24	20	1	49	15	13	5	36	22	0	6	6	6	6	0
N.Djokovic	J.Del Potro	1	69	102	31	21	22	2	80	48	15	3	56	42	0	7	4	7	6	6	60	82	40	42	4	4	48	37	7	2	37	25	0	5	6	6	7	3
N.Djokovic	A.Murray	0	65	40	35	15	4	4	31	40	13	4	52	30	0	4	5	4	0	0	64	48	36	16	9	2	36	21	17	7	37	26	0	6	7	6	0	0
Richard Gasquet	Michael Russell	1	63	45	37	16	7	7	0	0	5	16	18	25	106	6	6	6	0	0	59	37	41	17	6	4	0	0	1	3	30	40	83	3	4	2	0	0
Stephane Robert	Albano Olivetti	1	61	44	39	19	3	2	0	0	4	13	0	0	99	6	6	6	0	0	56	37	44	15	18	8	0	0	0	1	0	0	71	3	3	4	0	0
Jan-Len0rd Struff	Guillaume Rufin	0	55	61	45	32	11	13	0	0	5	13	0	0	149	6	3	6	6	1	55	66	45	27	10	9	0	0	5	15	0	0	149	7	6	2	2	6
Aljaz Bedene	Dmitry Tursunov	0	52	41	48	19	13	8	0	0	2	9	0	0	97	5	6	3	0	0	55	52	45	27	16	3	0	0	6	9	0	0	121	7	4	6	6	0
Feliciano Lopez	Florent Serra	1	58	54	42	30	21	3	0	0	5	16	0	0	148	6	6	6	6	0	61	63	39	30	8	2	0	0	0	3	0	0	123	7	2	3	3	0
Kenny De Schepper	Bradley Klahn	0	59	68	41	37	20	11	0	0	1	1	30	42	133	7	2	6	6	0	71	72	29	26	6	1	0	0	3	11	30	48	151	6	6	7	7	0
Andrey Kuznetsov	Dudi Sela	0	53	59	47	44	8	8	0	0	10	18	0	0	183	6	3	7	7	4	59	65	41	38	2	7	0	0	11	26	0	0	187	7	6	6	5	6
Pablo Cuevas	Janko Tipsarevic	0	51	39	49	24	17	6	0	0	0	1	5	10	82	3	7	3	0	0	55	42	45	28	12	2	0	0	2	9	10	10	104	6	6	6	0	0
Ernests Gulbis	Andreas Haider-Maurer	0	58	68	42	31	15	8	0	0	5	22	0	0	159	6	3	6	6	4	49	58	51	43	10	12	0	0	4	14	0	0	160	3	6	1	7	6
Mikhail Kukushkin	Andrej Martin	1	51	35	49	27	4	5	0	0	9	11	0	0	117	6	7	7	0	0	49	35	51	20	4	3	0	0	7	12	0	0	103	4	6	5	0	0
Roberto Bautista Agut	Thomaz Bellucci	1	75	44	25	12	1	1	0	0	6	10	0	0	87	6	6	6	0	0	57	28	43	10	7	2	0	0	1	4	0	0	65	3	2	2	0	0
Nick Kyrgios	David Ferrer	0	69	44	31	9	8	3	0	0	1	3	13	19	75	5	3	2	0	0	55	40	45	21	11	2	0	0	5	11	6	6	103	7	6	6	0	0
Tommy Robredo	Marinko Matosevic	1	54	49	46	30	9	3	0	0	9	16	9	14	138	6	6	6	6	0	59	44	41	27	7	3	0	0	3	9	34	53	119	3	7	3	2	0
Robin Haase	Frank Dancevic	0	58	65	42	34	19	4	0	0	3	15	0	0	149	6	6	5	6	0	64	68	36	34	14	3	0	0	3	4	0	0	154	7	3	7	7	0
Albert Ramos	Ber0rd Tomic	0	55	76	45	42	9	9	0	0	4	15	26	38	165	3	6	6	6	3	68	71	32	28	9	2	0	0	5	17	28	41	173	6	3	4	7	6
Daniel Evans	Kei Nishikori	1	48	35	52	25	8	4	0	0	6	9	16	24	102	6	6	6	0	0	54	30	46	15	3	8	0	0	2	9	10	18	80	4	4	2	0	0
Fer0ndo Verdasco	Ivan Dodig	0	59	58	41	23	5	14	0	0	6	17	15	22	144	3	5	6	6	3	57	60	43	34	10	5	0	0	6	9	22	41	145	6	7	1	4	6
Rhyne Williams	Nikolay Davydenko	0	55	56	45	26	11	9	0	0	6	12	0	0	132	3	6	6	5	0	57	57	43	28	7	6	0	0	8	14	0	0	146	6	4	1	7	6
Ryan Harrison	Rafael 0dal	0	62	41	38	10	11	2	0	0	0	2	12	21	69	4	2	2	0	0	72	42	28	11	3	5	0	0	5	7	25	31	94	6	6	6	0	0
Novak Djokovic	Ricardas Berankis	1	68	36	32	14	10	1	0	0	7	14	15	23	91	6	6	6	0	0	53	18	47	9	3	4	0	0	1	8	7	15	50	1	2	2	0	0
Benjamin Becker	Lukas Rosol	1	52	38	48	27	8	5	0	0	8	17	0	0	125	6	3	6	6	0	47	44	53	27	18	14	0	0	5	12	0	0	111	3	6	3	4	0
Lukasz Kubot	Jarkko Nieminen	0	38	28	62	27	5	14	0	0	4	8	0	0	86	5	5	2	0	0	59	38	41	19	6	3	0	0	7	11	0	0	111	7	7	6	0	0
Joao Sousa	Grigor Dimitrov	1	58	61	42	27	5	2	0	0	8	11	0	0	145	3	6	6	5	6	58	53	42	27	13	7	0	0	6	14	0	0	134	6	3	4	7	2
Tommy Haas	Paul-Henri Mathieu	1	59	38	41	15	14	5	0	0	6	8	5	5	89	6	6	6	0	0	56	29	44	16	7	8	0	0	1	3	8	20	63	4	4	1	0	0
Yen-Hsun Lu	Daniel Gimeno-Traver	1	67	49	33	19	4	4	0	0	3	9	0	0	116	6	7	6	0	0	56	45	44	22	14	4	0	0	1	2	0	0	90	4	6	3	0	0
Do0ld Young	Martin Klizan	1	74	39	26	10	3	7	0	0	8	13	9	15	86	6	6	6	0	0	47	10	53	10	4	5	0	0	0	9	8	20	45	1	0	1	0	0
Florian Mayer	Juan Mo0co	1	65	34	35	15	5	1	0	0	5	8	0	0	77	6	6	3	0	0	63	20	37	11	1	5	0	0	0	3	0	0	51	4	2	0	0	0
Tobias Kamke	Steve Johnson	1	53	55	47	39	10	7	0	0	4	15	14	24	157	6	6	7	6	0	48	56	52	40	12	10	0	0	1	5	24	40	137	7	4	6	2	0
Denis Istomin	Nicolas Almagro	1	64	50	36	23	13	2	0	0	7	11	0	0	112	6	6	4	6	0	64	36	36	14	7	5	0	0	3	9	0	0	84	3	1	6	3	0
Julien Benneteau	Michal Przysiezny	1	61	49	39	25	7	6	0	0	6	11	0	0	125	6	5	6	6	0	58	52	42	27	14	2	0	0	4	6	0	0	110	4	7	4	4	0
Sergiy Stakhovsky	Jeremy Chardy	0	53	62	47	33	7	9	0	0	3	14	0	0	156	4	6	2	6	4	56	64	44	40	8	7	0	0	6	11	0	0	170	6	4	6	4	6
Jiri Vesely	Denis Kudla	0	55	50	45	30	10	8	0	0	2	5	0	0	112	2	2	7	5	0	63	56	37	27	7	5	0	0	7	17	0	0	140	6	6	6	7	0
Paolo Lorenzi	Tomas Berdych	0	48	27	52	11	2	6	0	0	2	4	9	20	62	1	4	1	0	0	56	34	44	12	10	3	0	0	8	15	21	28	93	6	6	6	0	0
Pablo Andujar	Thiemo de Bakker	1	60	44	40	19	5	3	0	0	5	9	0	0	105	6	6	6	0	0	52	33	48	19	9	4	0	0	2	7	0	0	82	4	4	4	0	0
Thomas Fabbiano	Milos Raonic	0	66	46	34	17	0	7	0	0	1	5	13	15	87	3	6	3	0	0	63	51	37	19	28	4	0	0	3	12	12	20	116	6	7	6	0	0
Jerzy Janowicz	Maximo Gonzalez	0	58	40	42	17	3	11	0	0	2	10	16	25	92	4	4	2	0	0	65	45	35	13	9	4	0	0	6	16	12	20	111	6	6	6	0	0
Jack Sock	Philipp Petzschner	1	51	36	49	29	6	8	0	0	3	8	13	23	100	7	3	5	0	0	46	29	54	27	10	5	0	0	3	8	13	21	91	6	6	2	0	0
Roger Federer	Grega Zemlja	1	60	41	40	21	12	2	0	0	5	11	20	21	103	6	6	7	0	0	49	29	51	18	9	9	0	0	1	3	5	13	65	3	2	5	0	0
Santiago Giraldo	Carlos Berlocq	0	58	63	42	30	9	6	0	0	6	9	18	29	146	3	6	7	4	2	64	61	36	30	5	7	0	0	9	22	18	28	163	6	3	6	6	6
Horacio Zeballos	Adrian Man0rino	0	52	44	48	29	8	7	0	0	1	6	0	0	109	6	4	2	1	0	57	47	43	30	11	7	0	0	6	13	0	0	135	4	6	6	6	0
Guido Pella	Sam Querrey	0	56	54	44	31	6	9	0	0	1	7	19	28	117	6	6	1	2	0	58	60	42	26	24	4	0	0	4	18	16	24	145	7	4	6	6	0
John Isner	Filippo Volandri	1	73	42	27	11	16	3	0	0	6	7	12	17	87	6	6	6	0	0	56	18	44	10	1	5	0	0	0	2	5	10	45	0	2	3	0	0
Adrian Ungur	Gael Monfils	0	56	18	44	8	1	7	0	0	1	1	6	14	38	1	2	0	0	0	84	33	16	4	5	1	0	0	9	13	8	12	81	6	6	6	0	0
Albert Montanes	Edouard Roger-Vasselin	0	51	29	49	20	4	8	0	0	0	0	0	0	57	3	2	4	0	0	64	38	36	18	10	1	0	0	4	11	0	0	93	6	6	6	0	0
Collin Altamirano	Philipp Kohlschreiber	0	58	27	42	8	3	3	0	0	0	0	4	4	50	1	3	1	0	0	58	31	42	16	10	4	0	0	7	12	16	17	86	6	6	6	0	0
Rogerio Dutra Silva	Vasek Pospisil	1	58	64	42	39	3	3	0	0	6	16	0	0	178	4	3	7	6	7	48	66	52	46	21	15	0	0	7	18	0	0	176	6	6	6	2	6
Benoit Paire	Alex Bogomolov Jr.	0	51	72	49	40	29	11	0	0	6	23	36	49	191	5	6	4	7	6	64	82	36	33	2	6	0	0	5	12	21	42	181	7	2	6	5	7
Tim Smyczek	James Duckworth	1	66	47	34	21	4	2	0	0	7	17	24	36	134	3	6	6	6	0	55	47	45	26	8	5	0	0	3	7	22	39	114	6	2	4	1	0
Jurgen Zopp	Marcel Granollers	0	51	46	49	27	5	9	0	0	6	10	0	0	116	1	6	6	3	4	52	43	48	27	13	9	0	0	8	16	0	0	132	6	3	1	6	6
Rajeev Ram	Fabio Fognini	1	73	40	27	10	8	1	0	0	7	16	20	27	90	6	6	6	0	0	54	21	46	13	3	7	0	0	1	3	8	15	55	1	2	2	0	0
David Goffin	Alexandr Dolgopolov	0	67	44	33	14	7	8	0	0	2	8	0	0	93	2	4	4	0	0	45	34	55	27	6	4	0	0	6	21	0	0	115	6	6	6	0	0
Nicolas Mahut	Mikhail Youzhny	0	63	50	37	22	6	5	0	0	1	3	0	0	94	4	4	6	0	0	64	50	36	20	8	3	0	0	3	11	0	0	115	6	6	7	0	0
Jurgen Melzer	Evgeny Donskoy	0	65	39	35	17	4	2	0	0	3	10	0	0	96	5	3	6	0	0	57	48	43	27	5	1	0	0	4	10	0	0	116	7	6	7	0	0
Igor Sijsling	Peter Gojowczyk	0	55	49	45	24	13	3	0	0	4	9	0	0	107	6	6	4	1	0	51	40	49	29	8	6	0	0	6	11	0	0	124	7	2	6	6	0
Lleyton Hewitt	Brian Baker	1	46	38	54	29	8	7	0	0	10	19	14	27	129	6	4	6	6	0	49	32	51	28	14	10	0	0	7	12	12	25	110	3	6	3	4	0
Guillermo Garcia-Lopez	Juan Martin Del Potro	0	48	57	52	45	13	3	0	0	1	4	22	32	133	3	7	4	6	0	62	62	38	31	13	4	0	0	4	13	26	29	163	6	6	6	7	0
Andy Murray	Michael Llodra	1	67	36	33	15	3	0	0	0	6	8	19	26	91	6	6	6	0	0	63	31	37	12	2	6	0	0	1	2	33	60	61	2	4	3	0	0
Victor Hanescu	Leo0rdo Mayer	0	67	72	33	29	5	1	0	0	3	13	0	0	156	6	4	6	6	0	57	60	43	37	8	8	0	0	3	14	0	0	157	7	6	3	7	0
Andreas Seppi	Xavier Malisse	1	59	62	41	24	12	4	0	0	5	10	0	0	138	6	3	7	7	0	46	41	54	36	14	5	0	0	4	9	0	0	124	3	6	5	5	0
Lukas Lacko	Somdev Devvarman	0	50	48	50	29	11	6	0	0	5	12	10	16	133	6	1	2	6	4	56	60	44	31	5	3	0	0	8	12	27	29	151	4	6	6	4	6
Stanislas Wawrinka	Radek Stepanek	1	51	32	49	27	7	2	0	0	6	13	11	18	103	7	6	6	0	0	66	37	34	16	1	3	0	0	3	7	37	64	88	6	3	2	0	0
James Blake	Ivo Karlovic	0	64	82	36	36	9	6	0	0	4	11	35	46	170	7	6	4	6	6	63	90	37	29	38	8	0	0	3	11	48	81	167	6	3	6	7	7
Marcos Baghdatis	Go Soeda	1	60	34	40	20	16	3	0	0	5	10	5	8	89	6	6	6	0	0	54	30	46	15	0	5	0	0	0	1	10	15	63	4	3	1	0	0
Daniel Brands	Kevin Anderson	0	59	58	41	20	10	6	0	0	1	6	16	27	113	5	6	2	3	0	53	50	47	35	20	6	0	0	4	15	21	27	126	7	4	6	6	0
Richard Gasquet	Stephane Robert	1	58	50	42	22	8	6	0	0	6	12	14	23	112	6	7	7	0	0	53	35	47	19	8	5	0	0	3	10	20	29	97	3	5	5	0	0
Guillaume Rufin	Dmitry Tursunov	0	43	14	57	12	4	1	0	0	1	8	0	0	48	6	1	0	0	0	58	24	42	13	3	3	0	0	1	2	0	0	51	7	1	0	0	0
Feliciano Lopez	Bradley Klahn	1	52	59	48	38	23	10	0	0	4	9	19	29	141	6	7	4	7	0	71	69	29	18	17	3	0	0	3	9	24	39	140	4	6	6	5	0
Pablo Andujar	Milos Raonic	0	64	32	36	17	2	5	0	0	1	7	10	19	79	1	2	4	0	0	63	44	37	12	9	2	0	0	6	18	33	56	102	6	6	6	0	0
Maximo Gonzalez	Jack Sock	0	68	51	32	17	3	4	0	0	4	10	14	25	104	6	6	5	2	0	62	54	38	25	7	9	0	0	4	7	22	28	116	7	1	7	6	0
Dudi Sela	Janko Tipsarevic	0	62	30	38	10	1	7	0	0	2	13	0	0	74	4	4	1	0	0	44	32	56	31	3	3	0	0	7	11	0	0	102	6	6	6	0	0
Andreas Haider-Maurer	Mikhail Kukushkin	0	60	45	40	17	7	5	0	0	0	5	0	0	91	4	4	5	0	0	57	42	43	29	7	0	0	0	3	3	0	0	105	6	6	7	0	0
Roberto Bautista Agut	David Ferrer	0	62	42	38	20	2	5	0	0	3	8	21	24	104	3	7	1	2	0	59	48	41	29	10	3	0	0	8	16	19	29	135	6	6	6	6	0
Roger Federer	Carlos Berlocq	1	52	27	48	22	6	2	0	0	7	13	28	40	94	6	6	6	0	0	84	36	16	2	1	2	0	0	1	3	7	17	58	3	2	1	0	0
Adrian Man0rino	Sam Querrey	1	55	68	45	41	13	3	0	0	2	6	28	45	157	7	7	6	6	0	58	77	42	34	25	7	0	0	1	8	15	24	150	6	6	7	4	0
Tommy Robredo	Frank Dancevic	1	64	39	36	12	9	3	0	0	7	11	9	15	92	6	6	6	0	0	65	34	35	10	4	3	0	0	2	10	23	43	65	4	4	1	0	0
Ber0rd Tomic	Daniel Evans	0	62	47	38	23	8	2	0	0	6	11	18	25	117	6	3	6	3	0	56	43	44	27	9	7	0	0	6	15	32	40	125	1	6	7	6	0
John Isner	Gael Monfils	1	70	71	30	21	23	2	0	0	3	9	37	63	130	7	6	4	7	0	83	74	17	11	7	3	0	0	1	7	9	16	120	5	2	6	6	0
Edouard Roger-Vasselin	Philipp Kohlschreiber	0	61	48	39	25	3	3	0	0	3	3	25	41	102	3	2	7	2	0	58	44	42	26	13	2	0	0	7	23	14	20	130	6	6	5	6	0
Ivan Dodig	Nikolay Davydenko	1	66	45	34	14	16	0	0	0	5	10	0	0	93	6	6	6	0	0	51	25	49	18	2	4	0	0	1	6	0	0	67	1	4	4	0	0
Rogerio Dutra Silva	Rafael 0dal	0	58	21	42	12	2	5	0	0	0	1	4	12	46	2	1	0	0	0	69	30	31	11	3	0	0	0	8	14	9	10	84	6	6	6	0	0
Novak Djokovic	Benjamin Becker	1	74	48	26	11	13	2	0	0	5	14	15	22	102	7	6	6	0	0	59	33	41	19	6	4	0	0	1	1	6	10	73	6	2	2	0	0
Jarkko Nieminen	Joao Sousa	0	64	65	36	25	9	9	0	0	5	12	0	0	138	6	3	6	3	4	63	66	37	23	6	3	0	0	4	11	0	0	145	1	6	3	6	6
Alex Bogomolov Jr.	Tim Smyczek	0	69	87	31	30	8	9	0	0	6	14	24	33	173	6	6	6	4	4	63	73	37	26	21	3	0	0	5	16	28	44	169	3	7	2	6	6
Marcel Granollers	Rajeev Ram	1	62	63	38	28	14	4	0	0	6	11	25	42	145	3	4	6	6	7	66	66	34	22	11	2	0	0	4	10	45	79	127	6	6	2	3	5
Tommy Haas	Yen-Hsun Lu	1	60	51	40	20	15	9	0	0	6	10	15	20	118	6	6	7	0	0	68	44	32	13	4	5	0	0	4	13	11	23	101	3	4	6	0	0
Alexandr Dolgopolov	Mikhail Youzhny	0	53	35	47	19	10	4	0	0	2	9	0	0	84	5	1	3	0	0	52	33	48	23	8	3	0	0	7	19	0	0	104	7	6	6	0	0
Evgeny Donskoy	Peter Gojowczyk	1	55	63	45	34	9	2	0	0	5	17	0	0	155	6	6	3	4	6	55	67	45	30	15	8	0	0	4	10	0	0	151	3	4	6	6	3
Lleyton Hewitt	Juan Martin Del Potro	1	50	56	50	38	10	7	0	0	8	18	32	50	160	6	5	3	7	6	57	57	43	39	11	8	0	0	6	11	21	36	151	4	7	6	6	1
Andy Murray	Leo0rdo Mayer	1	57	41	43	35	5	3	0	0	5	9	17	26	117	7	6	3	6	0	63	40	37	16	6	5	0	0	1	9	29	50	87	5	1	6	1	0
Do0ld Young	Florian Mayer	0	62	42	38	20	5	8	0	0	3	13	31	54	109	5	3	4	0	0	57	48	43	21	10	6	0	0	7	21	18	26	126	7	6	6	0	0
Andreas Seppi	Somdev Devvarman	1	52	48	48	27	5	7	0	0	7	13	23	33	123	7	6	7	0	0	56	41	44	24	7	4	0	0	5	18	13	22	114	6	4	5	0	0
Tobias Kamke	Denis Istomin	0	46	19	54	23	3	5	0	0	2	2	0	0	62	4	2	2	0	0	46	24	54	21	6	3	0	0	7	13	0	0	82	6	6	6	0	0
Stanislas Wawrinka	Ivo Karlovic	1	60	51	40	25	9	5	0	0	3	7	25	36	111	7	7	6	0	0	63	52	37	21	12	6	0	0	1	2	37	59	98	5	6	4	0	0
Marcos Baghdatis	Kevin Anderson	1	43	24	57	24	10	6	0	0	6	12	6	8	82	6	6	6	0	0	64	27	36	11	7	4	0	0	0	0	4	14	53	2	2	2	0	0
Julien Benneteau	Jeremy Chardy	1	58	39	42	18	9	2	0	0	7	12	14	21	98	6	6	6	0	0	57	29	43	13	11	9	0	0	3	9	12	22	76	4	3	4	0	0
Denis Kudla	Tomas Berdych	0	60	49	40	26	1	6	0	0	4	14	12	15	114	6	6	3	0	0	57	49	43	28	11	3	0	0	5	15	12	24	141	7	7	6	0	0
Richard Gasquet	Dmitry Tursunov	1	64	42	36	21	14	4	0	0	4	11	14	25	112	6	2	6	4	0	53	46	47	24	25	4	0	0	3	7	12	21	99	3	6	4	2	0
Feliciano Lopez	Milos Raonic	0	59	56	41	29	7	8	0	0	0	4	17	27	113	7	4	3	4	0	67	66	33	19	28	6	0	0	4	8	23	38	134	6	6	6	6	0
Jack Sock	Janko Tipsarevic	0	46	35	54	27	19	8	0	0	2	6	12	17	90	6	6	1	2	0	56	46	44	33	18	2	0	0	4	8	14	19	116	3	7	6	6	0
Mikhail Kukushkin	David Ferrer	0	51	50	49	27	4	3	0	0	6	8	15	27	112	4	3	6	4	0	60	47	40	20	7	2	0	0	8	26	15	19	136	6	6	4	6	0
Roger Federer	Adrian Man0rino	1	57	36	43	15	8	4	0	0	6	14	19	24	90	6	6	6	0	0	65	27	35	9	1	0	0	0	0	1	9	18	54	3	0	2	0	0
Tommy Robredo	Daniel Evans	1	60	58	40	25	11	5	0	0	7	14	22	37	150	7	6	4	7	0	62	65	38	23	8	8	0	0	4	11	41	66	130	6	1	6	5	0
John Isner	Philipp Kohlschreiber	0	74	72	26	14	26	5	0	0	2	7	18	31	123	4	6	5	6	0	73	73	27	20	6	1	0	0	3	4	15	18	123	6	3	7	7	0
Ivan Dodig	Rafael 0dal	0	52	28	48	18	6	1	0	0	0	2	13	27	63	4	3	3	0	0	65	41	35	20	3	2	0	0	4	7	14	17	90	6	6	6	0	0
Novak Djokovic	Joao Sousa	1	68	30	32	12	3	2	0	0	8	13	22	30	94	6	6	6	0	0	59	30	41	10	2	3	0	0	1	2	10	21	54	0	2	2	0	0
Tim Smyczek	Marcel Granollers	0	61	63	39	26	10	3	0	0	7	16	39	55	146	4	6	6	3	5	59	66	41	28	10	3	0	0	6	12	25	43	147	6	4	0	6	7
Tommy Haas	Mikhail Youzhny	0	50	37	50	22	5	1	0	0	4	9	25	41	95	3	2	6	3	0	57	43	43	21	9	6	0	0	7	12	12	21	109	6	6	2	6	0
Evgeny Donskoy	Lleyton Hewitt	0	58	55	42	17	13	2	0	0	1	7	6	14	111	3	6	6	1	0	52	49	48	37	11	2	0	0	4	7	24	31	128	6	7	3	6	0
Andy Murray	Florian Mayer	1	51	37	49	25	7	2	0	0	4	10	8	12	99	7	6	6	0	0	62	40	38	15	0	2	0	0	0	2	21	39	74	6	2	2	0	0
Andreas Seppi	Denis Istomin	0	61	55	39	23	10	5	0	0	5	19	14	24	134	3	4	6	6	1	65	65	35	23	24	6	0	0	6	8	17	27	138	6	6	2	3	6
Stanislas Wawrinka	Marcos Baghdatis	1	52	55	48	37	11	5	0	0	5	15	25	30	151	6	6	6	7	0	47	50	53	43	16	8	0	0	2	9	25	37	132	3	2	7	6	0
Julien Benneteau	Tomas Berdych	0	52	25	48	12	5	6	0	0	0	3	13	20	63	0	3	2	0	0	58	39	42	14	11	1	0	0	6	14	13	17	93	6	6	6	0	0
Richard Gasquet	Milos Raonic	1	59	81	41	45	6	9	0	0	5	21	31	44	195	6	7	2	7	7	56	83	44	46	39	11	0	0	6	22	47	69	207	7	6	6	6	5
Janko Tipsarevic	David Ferrer	0	59	68	41	34	8	5	0	0	5	14	29	48	153	6	6	5	6	0	65	68	35	23	13	4	0	0	5	16	33	42	164	7	3	7	7	0
Roger Federer	Tommy Robredo	0	60	38	40	16	5	0	0	0	2	16	32	52	101	6	3	4	0	0	70	61	30	17	6	4	0	0	4	7	11	17	110	7	6	6	0	0
Philipp Kohlschreiber	Rafael 0dal	0	63	58	37	26	12	1	0	0	0	1	22	34	112	7	4	3	1	0	66	54	34	26	3	0	0	0	5	21	23	31	136	6	6	6	6	0
Mikhail Youzhny	Lleyton Hewitt	1	59	55	41	29	9	6	0	0	10	14	26	37	145	6	3	6	6	7	52	48	48	37	8	9	0	0	8	12	39	67	146	3	6	7	4	5
Andy Murray	Denis Istomin	1	63	58	37	23	5	5	0	0	6	15	32	38	129	6	6	6	6	0	69	55	31	20	4	2	0	0	2	4	19	37	114	7	1	4	4	0
Stanislas Wawrinka	Tomas Berdych	1	58	55	42	27	14	6	0	0	6	11	11	15	127	3	6	7	6	0	58	51	42	19	3	3	0	0	3	6	29	42	110	6	1	6	2	0
Richard Gasquet	David Ferrer	1	59	57	41	31	6	3	0	0	6	14	30	45	142	6	6	4	2	6	63	53	37	29	5	3	0	0	4	15	38	53	137	3	1	6	6	3
Tommy Robredo	Rafael 0dal	0	52	20	48	9	3	4	0	0	0	0	7	15	43	0	2	2	0	0	61	31	39	14	2	0	0	0	7	10	15	16	82	6	6	6	0	0
Novak Djokovic	Mikhail Youzhny	1	68	49	32	19	5	1	0	0	7	12	27	39	115	6	6	3	6	0	56	29	44	23	2	4	0	0	2	10	10	21	87	3	2	6	0	0
Andy Murray	Stanislas Wawrinka	0	63	37	37	22	5	4	0	0	0	0	10	22	78	4	3	2	0	0	55	37	45	20	4	4	0	0	4	11	31	42	107	6	6	6	0	0
Novak Djokovic	Stanislas Wawrinka	1	67	64	33	25	9	6	0	0	4	19	29	40	165	2	7	3	6	6	50	68	50	48	8	7	0	0	5	9	26	41	165	6	6	6	3	4
Richard Gasquet	Rafael 0dal	0	64	41	36	15	6	4	0	0	1	6	24	35	84	4	6	2	0	0	71	51	29	16	3	1	0	0	4	4	22	28	102	6	7	6	0	0
Novak Djokovic	Rafael 0dal	0	68	40	32	16	6	2	0	0	3	11	22	36	102	2	6	4	1	0	64	51	36	24	1	1	0	0	7	12	17	23	121	6	3	6	6	0
