game1 game2 game3 social1 social2 app1 app2 cv
0 1 0 1 0 0 0 No
0 0 1 1 0 0 1 No
1 1 0 1 0 0 0 No
0 1 1 1 0 0 1 No
1 1 1 1 0 0 0 No
0 0 0 1 0 0 1 No
0 0 1 1 0 0 0 No
0 0 1 1 1 0 1 No
1 1 1 1 0 0 0 No
0 1 0 1 1 0 1 No
0 1 1 1 0 0 0 No
1 0 1 1 0 0 1 No
1 0 0 1 0 0 0 No
1 0 0 1 0 0 1 No
0 0 1 1 0 0 0 No
0 0 0 0 0 0 1 No
1 1 0 1 0 0 0 No
1 0 1 1 0 0 1 No
1 1 1 1 1 0 0 No
1 0 1 1 0 1 1 No
1 1 1 1 0 0 0 No
1 1 1 1 0 0 1 No
1 1 1 1 0 0 0 No
1 1 0 1 0 0 1 No
0 1 1 1 0 0 0 No
0 1 0 0 0 0 1 No
0 1 0 1 1 0 0 No
1 0 0 1 1 0 1 No
0 0 0 1 0 0 0 No
0 1 1 1 0 0 1 No
1 1 1 1 1 0 0 No
0 0 0 1 1 1 1 No
1 0 1 1 1 0 0 No
0 0 0 1 1 0 1 No
0 1 0 1 0 0 0 No
0 1 0 1 1 0 1 No
1 1 0 0 1 0 0 No
0 0 0 1 0 0 1 No
0 1 1 1 0 0 0 No
1 0 1 1 1 0 1 No
1 1 0 1 1 0 0 No
1 1 0 0 0 0 1 No
1 0 1 1 1 0 0 No
1 0 1 1 0 0 1 No
1 0 0 1 0 0 0 No
0 0 0 1 0 0 1 No
0 0 1 1 0 0 0 No
0 1 1 1 1 0 1 No
0 1 0 1 0 0 0 No
1 1 1 1 0 0 1 No
0 1 1 1 1 0 0 No
0 0 0 1 0 0 1 No
0 1 1 1 0 0 0 No
0 0 0 1 0 1 1 No
1 1 1 1 0 0 0 No
0 1 1 0 0 0 1 No
1 1 0 1 0 0 0 No
1 1 0 1 1 0 1 No
0 0 1 1 1 0 0 No
0 0 0 1 0 0 1 No
0 1 1 0 1 0 0 No
0 1 0 1 1 0 1 No
0 0 1 1 0 0 0 No
1 1 1 1 0 0 1 No
0 0 0 1 1 0 0 No
0 1 1 1 0 0 1 No
0 0 0 0 0 0 0 No
1 1 1 1 1 0 1 No
1 1 1 1 0 0 0 No
0 1 1 1 0 0 1 No
1 1 1 1 0 0 0 No
0 1 0 1 0 0 1 No
0 0 1 1 1 0 0 No
1 1 0 1 0 0 1 No
1 1 0 1 0 0 0 No
0 1 1 1 1 0 1 No
1 1 0 1 1 0 0 No
1 1 1 1 0 0 1 No
0 0 1 1 0 0 0 No
0 0 0 1 0 0 1 No
0 0 0 1 1 0 0 No
1 1 0 0 0 0 1 No
1 1 1 1 1 0 0 No
0 1 0 1 1 1 1 No
1 0 1 0 1 0 0 No
1 0 1 1 0 0 1 No
1 1 1 1 0 0 0 No
1 0 0 1 0 0 1 No
0 1 1 1 0 0 0 No
1 1 1 1 0 0 1 No
0 1 0 1 0 0 0 No
0 0 1 1 0 0 1 No
1 1 1 1 0 0 0 No
0 0 1 1 1 0 1 No
0 1 1 0 0 0 0 No
0 1 1 1 0 0 1 No
0 0 0 1 0 0 0 No
0 1 0 1 1 0 1 No
1 1 0 1 1 0 0 No
0 1 0 1 0 0 1 No
0 1 0 1 1 0 0 No
1 0 1 1 0 0 1 No
0 0 0 1 1 0 0 No
0 1 1 1 1 0 1 No
0 0 0 1 1 0 0 No
0 1 1 1 1 0 1 No
0 0 1 1 0 0 0 No
1 1 1 1 0 0 1 No
0 0 1 1 0 0 0 No
0 1 1 1 0 0 1 No
1 0 0 1 0 0 0 No
0 0 0 1 0 0 1 No
0 1 1 1 0 0 0 No
1 1 0 1 1 0 1 No
0 0 0 1 0 0 0 No
0 1 0 1 0 0 1 No
0 0 0 1 0 0 0 No
1 1 0 1 0 0 1 No
1 1 1 1 0 0 0 No
0 1 0 1 0 0 1 No
0 1 0 1 0 0 0 No
0 1 1 1 0 1 1 No
0 0 0 1 1 0 0 No
1 0 0 1 0 0 1 No
1 0 0 1 1 0 0 No
0 1 1 1 0 1 1 No
0 1 0 1 0 0 0 No
1 1 0 1 0 0 1 No
0 0 0 0 0 0 0 No
0 1 0 0 1 0 1 No
1 1 1 1 1 0 0 No
0 0 0 1 0 0 1 No
0 1 1 1 1 0 0 No
0 0 0 0 0 1 1 No
0 1 1 1 0 0 0 No
0 0 0 1 0 1 1 No
1 0 0 1 1 0 0 No
0 0 0 1 0 0 1 No
0 0 0 1 0 0 0 No
0 0 0 1 0 0 1 No
0 1 0 1 0 0 0 No
0 1 1 1 0 0 1 No
0 0 0 1 0 0 0 No
0 0 0 1 0 0 1 No
0 0 0 1 1 0 0 No
0 0 0 1 0 0 1 No
0 0 1 1 0 0 0 No
1 0 1 1 0 0 1 No
0 1 0 1 1 1 0 No
0 0 0 1 0 0 1 No
0 1 1 1 0 0 0 No
0 0 0 1 1 0 1 No
0 1 0 1 0 0 0 No
1 1 0 1 1 0 1 No
0 1 0 1 1 0 0 No
1 0 0 1 0 0 1 No
0 0 1 1 0 0 0 No
0 1 0 1 0 0 1 No
0 1 0 1 0 0 0 No
1 0 1 1 1 0 1 No
1 1 1 1 0 0 0 No
1 0 0 1 1 0 1 No
1 1 1 1 1 0 0 No
1 1 1 1 1 0 1 No
1 1 0 1 1 0 0 No
0 1 1 1 1 0 1 No
0 0 0 1 1 1 0 No
0 1 0 0 0 0 1 No
0 0 0 1 1 0 0 No
0 0 1 1 1 0 1 No
1 1 1 1 0 0 0 No
0 0 1 1 0 0 1 No
0 0 1 1 0 0 0 No
0 0 0 1 0 0 1 No
0 0 0 1 0 0 0 No
0 1 0 1 1 0 1 No
1 0 1 1 1 0 0 No
0 1 1 1 0 0 1 No
0 0 1 1 0 0 0 No
0 0 1 0 0 0 1 No
1 1 0 1 0 0 0 No
1 0 1 1 0 0 1 No
1 0 1 1 0 0 0 No
1 1 0 1 0 0 1 No
0 1 1 1 0 0 0 No
1 1 0 1 0 0 1 No
0 1 1 1 0 0 0 No
0 0 0 1 1 0 1 No
1 1 0 1 1 0 0 No
0 1 0 1 0 0 1 No
0 1 0 1 0 0 0 No
1 1 1 1 0 0 1 No
0 1 0 1 1 0 0 No
1 0 1 1 1 0 1 No
1 1 0 1 1 0 0 No
0 1 0 1 0 0 1 No
0 0 1 1 0 0 0 No
1 1 0 1 0 0 1 No
1 0 1 1 0 0 0 No
1 0 0 1 0 0 1 No
0 0 1 1 0 0 0 No
1 0 1 1 0 0 1 No
1 1 1 1 1 0 0 No
0 1 0 1 0 1 1 No
0 1 0 1 0 0 0 No
0 1 1 1 1 0 1 No
0 0 1 1 0 0 0 No
0 1 1 1 1 0 1 No
0 1 0 1 0 0 0 No
0 0 1 1 0 0 1 No
0 1 0 1 0 0 0 No
0 1 1 1 0 0 1 No
1 0 0 1 1 0 0 No
1 1 0 1 0 0 1 No
1 1 1 1 1 0 0 No
1 1 1 1 0 0 1 No
0 0 0 1 0 0 0 No
0 1 0 1 1 0 1 No
0 1 1 1 1 0 0 No
1 0 0 1 0 0 1 No
1 1 0 1 0 0 0 No
0 0 1 1 1 1 1 No
0 1 0 1 0 0 0 No
0 1 0 1 1 0 1 No
0 1 0 1 0 0 0 No
1 0 1 1 1 0 1 No
1 1 0 1 0 0 0 No
1 0 0 1 0 0 1 No
0 1 1 1 1 0 0 No
0 1 1 1 1 0 1 No
1 0 0 1 0 0 0 No
0 1 0 0 0 0 1 No
1 1 0 1 0 0 0 No
0 1 1 1 0 0 1 No
1 0 0 0 0 0 0 No
0 1 0 1 0 0 1 No
0 1 1 1 0 0 0 No
0 0 0 1 0 0 1 No
1 0 1 1 0 0 0 No
1 1 0 1 0 0 1 No
0 1 1 1 0 0 0 No
0 0 1 1 1 1 1 No
1 1 1 1 0 0 0 No
0 1 0 1 1 0 1 No
0 0 1 1 1 0 0 No
0 0 0 1 1 0 1 No
1 1 0 1 0 0 0 No
0 0 0 1 0 0 1 No
1 1 0 1 0 0 0 No
1 1 1 1 1 0 1 No
1 0 1 1 0 0 0 No
0 1 1 1 1 0 1 No
1 1 0 1 0 0 0 No
0 1 0 1 0 0 1 No
1 1 1 1 1 0 0 No
1 1 1 1 1 0 1 No
0 1 0 1 0 1 0 No
1 1 1 1 0 0 1 No
0 0 1 1 0 0 0 No
0 1 0 1 0 0 1 No
1 1 1 1 1 0 0 No
0 1 0 1 1 0 1 No
0 0 0 1 0 0 0 No
0 1 1 0 0 0 1 No
0 1 1 1 0 0 0 No
0 1 1 1 0 0 1 No
1 0 0 1 0 0 0 No
0 0 0 1 0 0 1 No
1 0 0 1 0 0 0 No
0 0 0 1 1 0 1 No
0 1 0 0 0 1 0 No
0 1 1 1 0 0 1 No
1 0 0 1 0 0 0 No
1 0 1 1 1 0 1 No
0 0 1 1 0 0 0 No
0 1 1 1 1 1 1 No
0 1 0 1 0 0 0 No
0 1 1 1 0 0 1 No
1 0 0 1 1 0 0 No
1 0 1 1 0 0 1 No
0 1 1 1 0 0 0 No
1 0 0 1 0 0 1 No
0 1 1 1 0 0 0 No
1 1 0 1 0 0 1 No
1 1 0 1 1 0 0 No
1 1 0 1 0 0 1 No
0 1 0 1 1 0 0 No
1 0 1 1 0 0 1 No
0 1 1 1 1 0 0 No
0 1 1 1 0 0 1 No
0 1 0 1 1 0 0 No
0 1 1 1 0 0 1 No
0 0 1 1 0 0 0 No
1 1 0 1 0 0 1 No
1 1 1 1 1 0 0 No
0 1 1 1 0 0 1 No
0 0 1 1 0 0 0 No
1 1 1 0 1 1 1 No
1 1 0 1 0 0 0 No
1 1 0 1 1 0 1 No
0 1 1 1 0 0 0 No
0 1 0 1 1 0 1 No
0 1 1 1 0 0 0 No
0 1 0 0 0 0 1 No
1 0 1 1 0 0 0 No
1 0 1 1 1 0 1 No
0 0 1 1 0 0 0 No
1 1 1 1 0 0 1 No
1 1 0 1 0 0 0 No
0 0 1 1 0 0 1 No
1 0 1 1 0 0 0 No
1 0 1 1 1 0 1 No
1 0 0 1 1 0 0 No
0 1 0 0 0 0 1 No
0 1 0 1 0 0 0 No
1 1 1 1 0 0 1 No
0 0 0 1 0 0 0 No
0 1 0 1 0 0 1 No
0 0 0 1 1 0 0 No
1 0 1 1 0 0 1 No
1 1 1 1 0 0 0 No
1 0 1 1 1 0 1 No
0 0 1 1 0 1 0 No
0 0 0 1 0 0 1 No
1 1 1 1 1 0 0 No
1 1 1 1 0 0 1 No
0 1 0 1 0 0 0 No
0 0 1 1 0 0 1 No
1 0 0 1 0 0 0 No
0 1 1 1 0 0 1 No
0 1 0 1 0 0 0 No
0 1 0 1 0 0 1 No
1 1 0 1 1 0 0 No
1 1 1 1 0 0 1 No
1 0 0 1 1 0 0 No
0 1 1 1 1 1 1 No
0 1 1 1 0 0 0 No
1 1 1 1 1 0 1 No
0 1 0 1 0 0 0 No
1 0 0 1 0 0 1 No
1 0 1 1 0 0 0 No
0 1 0 1 1 0 1 No
0 1 1 1 1 0 0 No
0 1 0 1 0 0 1 No
0 1 0 1 0 1 0 No
0 1 0 1 0 0 1 No
0 1 1 1 0 0 0 No
1 1 0 1 1 0 1 No
0 1 1 1 1 0 0 No
1 0 1 1 0 0 1 No
0 1 1 1 0 0 0 No
0 1 1 1 0 0 1 No
0 1 1 1 0 0 0 No
1 0 0 1 0 0 1 No
0 1 1 1 0 0 0 No
1 1 1 1 0 0 1 No
0 1 0 1 0 0 0 No
0 1 0 1 1 0 1 No
0 1 0 1 0 0 0 No
1 0 0 1 0 0 1 No
0 1 0 1 1 0 0 No
0 1 1 1 0 0 1 No
0 1 0 1 0 0 0 No
0 1 0 1 0 0 1 No
1 1 0 0 1 0 0 No
0 0 1 1 1 0 1 No
0 1 1 1 0 0 0 No
1 0 1 1 0 0 1 No
1 0 0 1 1 0 0 No
1 1 0 1 0 0 1 No
1 0 0 1 1 1 0 No
0 1 1 1 0 0 1 No
0 0 0 1 0 0 0 No
1 0 0 1 0 0 1 No
1 1 0 1 0 0 0 No
1 1 0 1 1 0 1 No
1 1 1 1 0 0 0 No
0 0 0 1 0 0 1 No
1 0 0 1 0 0 0 No
1 0 1 1 1 0 1 No
0 1 1 1 0 0 0 No
1 0 1 1 0 0 1 No
0 0 0 1 0 0 0 No
1 0 1 1 0 0 1 No
0 1 1 1 0 0 0 No
0 1 0 0 0 0 1 No
0 1 0 1 0 0 0 No
1 1 1 1 0 0 1 No
1 1 0 1 0 0 0 No
0 1 0 1 0 0 1 No
0 1 1 1 0 0 0 No
0 1 1 1 0 0 1 No
0 1 1 1 0 0 0 No
0 0 1 1 0 0 1 No
0 0 0 1 1 0 0 No
0 0 0 1 0 0 1 No
0 0 1 1 0 1 0 No
0 0 1 1 0 0 1 No
0 1 0 1 0 0 0 No
0 1 1 1 0 0 1 No
0 0 1 1 1 0 0 No
0 0 1 0 1 0 1 No
0 1 0 1 1 0 0 No
1 1 0 1 0 0 1 No
0 1 0 1 0 0 0 No
1 0 0 1 1 0 1 No
1 0 0 1 1 0 0 No
0 1 0 0 1 0 1 No
0 1 1 1 1 0 0 No
0 1 0 1 1 0 1 No
0 1 0 1 0 1 0 No
1 1 1 1 0 0 1 No
0 1 1 1 0 0 0 No
0 0 0 1 0 0 1 No
1 0 0 1 0 0 0 No
0 1 1 1 0 0 1 No
0 1 1 1 1 0 0 No
0 1 0 1 0 0 1 No
0 1 0 1 0 0 0 No
0 1 1 1 0 0 1 No
0 1 1 1 1 0 0 No
1 0 0 1 0 0 1 No
1 1 0 1 0 0 0 No
0 1 0 1 0 0 1 No
1 1 1 1 0 0 0 No
0 0 1 1 0 0 1 No
1 1 0 1 0 0 0 No
0 1 0 1 0 0 1 No
0 0 0 1 1 0 0 No
1 1 0 1 0 0 1 No
0 0 0 1 0 0 0 No
1 0 1 1 0 0 1 No
1 0 0 1 1 0 0 No
0 0 0 1 1 0 1 No
0 1 1 1 0 0 0 No
1 0 0 1 1 0 1 No
0 1 1 1 0 0 0 No
0 0 0 1 0 0 1 No
0 0 0 1 0 0 0 No
0 1 1 1 0 0 1 No
0 1 0 0 0 0 0 No
0 1 1 1 1 0 1 No
0 1 0 0 1 0 0 No
0 1 1 1 0 0 1 No
1 1 1 1 1 0 0 No
1 0 0 1 0 0 1 No
1 0 0 1 0 1 0 No
0 0 0 1 0 0 1 No
1 0 1 0 1 0 0 No
0 0 0 1 1 0 1 No
0 0 1 1 0 0 0 No
0 1 0 1 0 0 1 No
1 0 0 1 0 0 0 No
1 0 0 1 0 0 1 No
0 0 0 1 1 0 0 No
0 0 1 1 0 0 1 No
0 1 1 1 0 0 0 No
1 0 0 1 0 0 1 No
0 1 0 1 1 0 0 No
0 1 1 1 0 0 1 No
1 1 0 1 1 0 0 No
1 1 1 1 1 0 1 No
1 0 1 1 0 0 0 No
0 1 1 1 0 0 1 No
0 0 1 1 1 0 0 No
0 1 1 1 1 1 1 No
0 1 0 1 0 0 0 No
0 0 1 1 1 0 1 No
0 1 1 1 1 0 0 No
0 1 1 1 1 0 1 No
1 0 0 1 1 0 0 No
0 1 0 1 0 0 1 No
1 1 0 1 0 0 0 No
1 1 1 1 0 0 1 No
1 1 1 1 1 0 0 No
0 1 0 1 0 0 1 No
0 0 1 1 1 0 0 No
1 1 1 1 0 0 1 No
1 0 1 0 0 0 0 No
0 0 0 1 0 0 1 No
0 0 0 1 0 0 0 No
1 1 0 1 1 0 1 No
0 1 0 1 1 0 0 No
0 0 0 1 1 1 1 No
0 1 1 1 1 0 0 No
0 1 1 1 0 0 1 No
1 1 0 0 1 0 0 No
0 1 0 1 0 0 1 No
1 0 0 1 0 0 0 No
1 1 1 1 0 0 1 No
1 1 0 1 1 0 0 No
0 0 1 1 0 0 1 No
1 0 0 1 0 0 0 No
0 1 1 1 1 0 1 No
0 0 1 1 0 0 0 No
0 1 0 1 1 0 1 No
1 1 1 1 0 0 0 No
0 0 0 1 0 0 1 No
1 1 1 1 0 1 0 No
1 0 0 1 0 0 1 No
0 0 1 1 0 0 0 No
0 1 0 1 0 0 1 No
0 1 0 1 0 1 0 No
1 0 1 1 0 0 1 No
0 1 1 1 0 0 0 No
1 1 1 1 0 0 1 No
0 1 0 1 0 0 0 No
1 1 0 1 0 0 1 No
0 1 1 1 0 0 0 No
0 0 0 1 0 0 1 No
1 0 0 0 0 0 0 No
0 1 0 1 0 0 1 No
1 1 0 0 0 0 0 No
1 1 1 1 0 0 1 No
1 0 0 1 0 0 0 No
0 1 1 1 0 0 1 No
0 1 0 1 1 0 0 No
1 1 1 1 0 1 1 No
1 0 0 1 1 0 0 No
1 1 1 1 1 0 1 No
1 0 0 1 0 0 0 No
0 0 1 1 0 0 1 No
0 1 0 1 0 0 0 No
0 1 1 1 0 1 1 No
1 0 0 1 0 0 0 No
0 1 0 1 1 0 1 No
0 1 0 1 1 0 0 No
0 1 1 1 0 1 1 No
0 0 1 1 0 0 0 No
0 1 1 1 0 0 1 No
0 0 0 0 0 0 0 No
0 1 1 1 0 0 1 No
0 0 1 1 0 0 0 No
0 1 0 1 0 0 1 No
0 0 1 1 0 0 0 No
1 1 0 1 0 0 1 No
1 0 1 1 0 0 0 No
1 1 1 1 0 0 1 No
0 1 1 1 0 0 0 No
0 0 0 1 0 1 1 No
1 0 0 1 0 0 0 No
1 0 1 1 1 0 1 No
1 0 1 1 1 0 0 No
0 1 1 1 0 0 1 No
0 0 1 1 0 0 0 No
1 1 0 1 1 0 1 No
1 1 0 1 0 0 0 No
0 0 1 1 0 0 1 No
0 1 0 1 0 0 0 No
0 1 1 1 1 0 1 No
0 1 1 1 0 0 0 No
0 0 0 1 0 0 1 No
0 0 0 1 0 0 0 No
1 1 0 1 0 0 1 No
1 1 1 1 0 0 0 No
0 0 0 1 1 0 1 No
0 1 0 1 1 0 0 No
0 1 1 1 0 0 1 No
0 1 0 1 0 0 0 No
0 1 0 1 0 0 1 No
0 1 0 1 0 0 0 No
1 1 0 1 0 0 1 No
1 1 1 1 0 0 0 No
0 1 0 1 1 0 1 No
0 1 0 1 0 0 0 No
0 0 1 1 0 0 1 No
1 0 0 1 0 0 0 No
1 1 0 1 0 1 1 No
0 0 0 1 1 0 0 No
1 1 1 1 0 0 1 No
0 1 0 1 0 0 0 No
1 0 1 1 0 0 1 No
0 0 1 1 0 1 0 No
1 1 0 1 1 0 1 No
0 0 1 1 0 0 0 No
0 0 1 1 0 0 1 No
1 0 1 1 0 0 0 No
0 1 1 1 1 0 1 No
0 0 0 1 1 0 0 No
0 0 0 1 0 0 1 No
1 0 0 1 0 0 0 No
0 0 1 1 1 0 1 No
1 0 1 1 0 0 0 No
1 0 1 1 0 0 1 No
0 0 1 1 0 1 0 No
0 0 1 1 1 0 1 No
0 1 0 1 0 0 0 No
1 1 1 1 0 0 1 No
0 0 1 1 0 1 0 No
1 1 0 1 0 0 1 No
0 0 0 1 0 0 0 No
1 0 0 1 0 0 1 No
1 0 1 1 0 0 0 No
0 0 0 1 0 0 1 No
0 1 0 1 0 0 0 No
1 0 1 0 0 0 1 No
0 1 0 1 0 0 0 No
0 1 0 1 0 1 1 No
0 1 1 0 0 0 0 No
1 1 0 1 1 0 1 No
1 0 0 1 0 0 0 No
0 1 1 1 0 0 1 No
0 1 1 1 0 0 0 No
0 1 1 1 1 0 1 No
0 1 0 1 0 0 0 No
0 1 0 1 0 0 1 No
0 1 0 1 0 0 0 No
0 0 0 1 0 0 1 No
0 1 1 1 1 0 0 No
1 0 1 1 1 0 1 No
1 0 1 1 0 0 0 No
1 0 1 1 0 0 1 No
0 1 0 1 1 0 0 No
1 0 0 1 1 0 1 No
1 0 1 1 0 0 0 No
1 1 0 1 0 0 1 No
0 0 0 1 0 0 0 No
0 0 0 1 1 0 1 No
0 1 0 1 0 0 0 No
0 1 0 1 0 0 1 No
0 1 0 1 0 0 0 No
0 1 0 1 1 1 1 No
1 0 1 1 0 0 0 No
1 1 1 1 0 0 1 No
0 1 1 1 0 0 0 No
1 0 0 1 1 0 1 No
1 0 1 1 1 0 0 No
0 1 0 0 1 0 1 No
1 0 0 1 0 0 0 No
0 1 1 1 0 0 1 No
0 0 0 1 0 0 0 No
0 1 0 1 0 0 1 No
0 1 0 1 0 0 0 No
0 0 1 1 0 0 1 No
0 1 0 1 0 0 0 No
0 0 0 1 0 1 1 No
1 0 1 1 0 0 0 No
0 1 1 1 0 0 1 No
0 1 0 1 1 0 0 No
0 1 1 1 0 0 1 No
0 1 0 1 1 0 0 No
0 1 0 0 0 1 1 No
0 1 1 0 1 0 0 No
0 0 0 1 0 0 1 No
0 1 0 1 0 0 0 No
1 0 0 1 0 0 1 No
1 1 1 1 1 0 0 No
0 1 0 1 0 0 1 No
1 1 0 1 0 0 0 No
0 1 0 1 1 0 1 No
0 0 1 1 0 0 0 No
0 0 0 1 1 0 1 No
0 1 1 1 0 0 0 No
1 1 0 1 0 0 1 No
1 1 1 1 0 0 0 No
1 1 0 1 0 0 1 No
0 1 1 1 0 0 0 No
0 1 1 1 0 0 1 No
1 1 0 1 0 0 0 No
0 0 1 1 1 0 1 No
1 1 1 1 0 0 0 No
0 0 1 1 1 0 1 No
0 0 0 1 0 0 0 No
0 1 0 1 0 0 1 No
0 0 0 1 0 0 0 No
0 1 0 1 1 0 1 No
1 1 0 1 1 0 0 No
0 1 1 1 0 0 1 No
0 1 1 0 0 0 0 No
1 1 1 1 0 0 1 No
1 0 0 0 0 0 0 No
0 0 1 1 0 0 1 No
0 0 0 1 0 0 0 No
0 0 0 1 0 0 1 No
1 0 1 1 0 0 0 No
1 1 0 1 1 0 1 No
0 0 0 1 1 0 0 No
0 0 0 1 0 0 1 No
1 1 1 1 0 0 0 No
0 0 0 0 0 0 1 No
0 1 1 0 0 1 0 No
0 1 0 1 0 0 1 No
0 0 1 1 1 0 0 No
0 0 1 1 1 0 1 No
0 0 0 1 1 0 0 No
0 1 0 1 0 0 1 No
0 0 0 1 0 0 0 No
0 0 1 1 0 1 1 No
0 1 1 1 0 0 0 No
1 1 0 1 1 0 1 No
1 1 1 1 0 0 0 No
0 1 0 1 0 0 1 No
1 0 0 1 0 0 0 No
0 0 0 1 0 0 1 No
0 1 1 1 1 0 0 No
0 1 1 1 1 0 1 No
1 0 0 1 0 0 0 No
1 1 1 1 0 0 1 No
1 0 1 1 0 0 0 No
1 1 0 1 1 0 1 No
1 1 0 1 0 0 0 No
1 1 1 1 0 0 1 No
1 0 0 1 1 0 0 No
0 1 0 1 1 0 1 No
0 0 0 1 0 0 0 No
0 0 0 1 0 0 1 No
1 1 0 1 0 0 0 No
1 1 0 1 0 0 1 No
0 1 1 1 1 0 0 No
0 0 1 1 0 0 1 No
1 0 1 0 0 0 0 No
0 1 1 1 0 0 1 No
1 0 0 1 0 0 0 No
0 0 0 1 0 1 1 No
0 1 0 1 0 0 0 No
1 1 0 1 1 0 1 No
0 1 0 1 0 0 0 No
0 0 1 1 0 0 1 No
1 1 1 1 0 0 0 No
0 1 1 1 0 0 1 No
1 0 1 1 0 0 0 No
0 1 0 1 0 0 1 No
1 1 1 1 0 0 0 No
0 0 0 1 1 0 1 No
1 0 0 1 0 0 0 No
0 1 1 1 1 1 1 No
0 0 0 1 0 0 0 No
1 1 1 1 0 0 1 No
0 0 1 0 1 0 0 No
0 0 0 1 1 0 1 No
0 1 0 1 1 1 0 No
0 1 1 1 0 0 1 No
0 0 0 1 1 0 0 No
1 0 0 1 0 0 1 No
1 1 1 1 1 0 0 No
0 0 0 1 0 0 1 No
1 1 1 1 0 1 0 No
1 0 0 0 0 0 1 No
0 1 1 1 0 0 0 No
0 1 1 1 1 0 1 No
1 1 0 1 0 0 0 No
1 0 0 1 1 0 1 No
0 0 1 1 0 0 0 No
0 1 1 1 1 0 1 No
1 1 0 1 1 0 0 No
0 1 0 1 0 0 1 No
0 0 1 1 1 0 0 No
0 1 0 1 0 0 1 No
0 1 1 1 1 0 0 No
1 1 1 1 0 0 1 No
0 1 0 1 0 1 0 No
0 1 0 1 0 1 1 No
0 1 0 1 0 0 0 No
0 0 1 0 0 0 1 No
0 1 0 1 0 0 0 No
1 1 0 1 0 0 1 No
1 1 1 1 0 0 0 No
1 1 1 1 0 0 1 No
1 0 1 1 1 0 0 No
0 1 0 1 0 0 1 No
0 1 0 1 0 0 0 No
0 1 1 1 0 0 1 No
0 1 0 1 1 0 0 No
0 1 0 1 0 0 1 No
1 1 1 1 0 0 0 No
0 1 1 1 0 0 1 No
1 0 1 1 0 0 0 No
1 0 1 1 0 0 1 No
1 0 1 1 0 0 0 No
0 1 0 1 0 0 1 No
0 1 0 1 1 0 0 No
0 0 0 1 0 0 1 No
1 1 1 1 1 0 0 No
0 1 1 1 0 0 1 No
0 1 0 1 0 0 0 No
0 1 0 1 0 0 1 No
0 0 1 0 0 0 0 No
1 0 1 1 1 0 1 No
1 1 0 1 0 0 0 No
1 1 1 0 0 0 1 No
1 1 0 1 1 0 0 No
0 1 1 1 0 0 1 No
0 0 0 1 0 0 0 No
0 1 1 1 0 0 1 No
1 1 1 1 0 0 0 No
0 0 0 1 0 0 1 No
0 1 1 1 1 0 0 No
0 1 0 1 0 0 1 No
0 1 1 1 0 1 0 No
0 0 0 1 1 0 1 No
1 1 0 1 0 0 0 No
1 1 1 1 0 0 1 No
1 1 1 1 1 0 0 No
0 1 1 1 0 0 1 No
1 1 0 1 0 1 0 No
1 1 0 1 1 1 1 No
1 1 0 1 0 0 0 No
0 0 0 1 1 0 1 No
1 0 0 1 0 0 0 No
1 0 1 1 0 0 1 No
0 0 0 1 1 0 0 No
1 0 0 0 0 0 1 No
0 1 1 1 1 0 0 No
1 0 0 1 1 0 1 No
0 0 0 1 0 0 0 No
0 0 0 1 0 0 1 No
0 1 0 1 1 0 0 No
1 1 1 1 0 0 1 No
0 1 1 1 0 1 0 No
0 0 0 1 0 0 1 No
0 1 1 1 0 0 0 No
0 1 1 1 0 1 1 No
1 0 1 1 0 0 0 No
1 1 0 0 0 0 1 No
1 1 0 1 1 0 0 No
0 1 1 1 0 0 1 No
1 0 1 0 0 0 0 No
1 0 0 1 1 0 1 No
0 1 0 1 0 0 0 No
1 0 1 1 0 0 1 No
1 0 0 1 1 0 0 No
0 1 1 1 1 0 1 No
0 0 1 1 1 0 0 No
0 0 1 1 0 0 1 No
0 0 1 0 0 0 0 No
0 1 1 1 0 0 1 No
0 0 0 1 0 0 0 No
0 0 1 0 1 0 1 No
0 1 0 1 1 0 0 No
0 1 0 1 0 0 1 No
0 0 0 1 0 0 0 No
0 1 1 1 1 0 1 No
1 1 1 1 0 0 0 No
0 1 0 1 1 0 1 No
0 1 1 1 0 0 0 No
0 0 1 1 1 0 1 No
1 1 1 1 1 0 0 No
1 0 1 1 1 0 1 No
0 1 0 1 1 0 0 No
0 1 0 1 0 0 1 No
0 0 1 1 0 0 0 No
1 1 0 1 0 0 1 No
0 1 1 1 1 0 0 No
0 1 0 0 0 0 1 No
1 1 0 1 1 0 0 No
1 1 1 1 1 0 1 No
0 1 1 1 0 0 0 No
0 0 1 1 0 0 1 No
1 0 0 0 0 0 0 No
1 1 1 1 0 0 1 No
0 0 1 1 1 0 0 No
1 1 1 1 0 0 1 No
0 0 0 1 1 0 0 No
0 0 0 1 0 0 1 No
0 1 0 1 0 0 0 No
1 0 0 1 0 0 1 No
1 0 0 1 1 0 0 No
1 0 0 1 0 0 1 No
1 1 0 1 1 0 0 No
1 0 0 1 1 0 1 No
0 1 1 1 1 0 0 No
0 0 1 1 0 0 1 No
0 1 0 1 0 0 0 No
1 1 0 1 0 0 1 No
1 1 1 1 1 0 0 No
1 1 1 1 0 0 1 No
1 0 0 1 1 0 0 No
0 1 0 1 1 0 1 No
1 1 1 1 0 0 0 No
0 1 0 0 1 0 1 No
0 0 1 1 0 0 0 No
0 1 1 1 0 0 1 No
1 1 0 1 0 0 0 No
0 0 0 1 1 0 1 No
1 1 0 1 0 0 0 No
1 1 1 1 1 0 1 No
0 1 1 1 0 0 0 No
1 0 1 1 0 0 1 No
0 0 1 1 0 0 0 No
0 1 0 1 0 0 1 No
1 1 0 1 1 0 0 No
0 1 1 1 1 0 1 No
1 1 0 1 0 0 0 No
1 1 1 1 0 0 1 No
0 1 1 1 1 0 0 No
1 0 1 1 0 0 1 No
0 0 0 1 0 0 0 No
1 0 1 1 1 0 1 No
1 0 0 1 0 0 0 No
0 0 1 1 0 0 1 No
1 0 1 1 0 0 0 No
1 0 0 1 0 0 1 No
0 0 1 1 1 0 0 No
1 0 0 1 0 0 1 No
1 0 1 1 1 0 0 No
0 1 0 1 1 0 1 No
0 1 0 1 1 0 0 No
0 1 1 1 0 0 1 No
0 1 0 1 0 0 0 No
0 0 0 1 0 0 1 No
0 0 0 1 1 0 0 No
0 0 1 1 0 0 1 No
0 1 1 1 0 0 0 No
0 1 0 1 0 0 1 No
1 1 1 1 1 0 0 No
0 0 0 1 0 0 1 No
1 0 1 1 0 0 0 No
0 0 1 1 0 0 1 No
0 0 1 1 0 0 0 No
1 1 0 1 0 0 1 No
1 1 1 1 0 1 0 No
1 1 0 1 0 0 1 No
0 1 0 1 0 1 0 No
0 1 1 1 0 0 1 No
1 1 1 1 0 0 0 No
0 1 0 1 0 0 1 No
1 1 0 1 0 0 0 No
0 1 1 1 1 0 1 No
1 1 1 1 1 0 0 No
0 1 1 1 0 0 1 No
1 0 1 1 1 0 0 No
1 1 1 1 1 0 1 No
0 1 1 1 0 0 0 No
1 0 0 1 0 0 1 No
1 1 1 1 1 0 0 No
0 0 0 1 0 0 1 No
0 0 0 1 0 0 0 No
1 1 0 1 1 0 1 No
0 1 1 1 0 0 0 No
0 1 1 1 0 0 1 No
1 1 1 1 1 0 0 No
1 0 1 1 1 0 1 No
0 1 0 1 1 0 0 No
0 0 0 1 1 0 1 No
0 1 1 1 1 0 0 No
0 1 1 0 0 0 1 No
0 1 1 1 0 0 0 No
1 1 0 1 0 0 1 No
0 0 0 0 1 0 0 No
1 0 0 1 0 0 1 No
0 1 0 1 0 0 0 No
0 1 1 1 1 0 1 No
1 0 1 1 1 0 0 No
0 0 1 1 0 0 1 No
0 0 0 1 0 1 0 No
1 0 1 1 1 0 1 No
0 0 1 0 1 0 0 No
1 0 1 1 1 0 1 No
1 1 0 1 0 0 0 No
0 0 1 1 0 0 1 No
0 1 1 1 0 0 0 No
0 0 0 1 0 0 1 No
0 1 1 1 0 0 0 No
0 0 1 1 1 0 1 No
0 1 0 1 0 0 0 No
0 0 1 1 0 0 1 No
1 1 1 1 0 0 0 No
1 0 1 1 1 0 1 No
0 0 0 1 0 0 0 No
1 1 0 1 0 0 1 No
0 0 0 1 1 1 0 No
1 1 0 1 1 0 1 No
0 1 0 1 0 0 0 No
0 0 1 1 1 0 1 No
1 1 0 1 0 0 0 No
0 1 0 1 0 0 1 No
1 1 1 1 0 0 0 No
0 1 0 1 0 0 1 No
1 1 1 1 0 0 0 No
0 0 0 1 1 0 1 No
0 1 1 1 1 0 0 No
1 1 1 1 0 0 1 No
1 0 0 1 0 0 0 No
1 0 0 1 1 0 1 No
0 1 0 1 0 0 0 No
0 0 0 0 0 0 1 No
1 0 1 0 0 0 0 No
1 1 1 1 1 0 1 No
0 0 1 1 1 0 0 No
1 0 1 1 0 0 1 No
0 0 1 1 1 0 0 No
0 0 1 0 0 0 1 No
0 1 0 1 0 0 0 No
0 1 1 1 0 0 1 No
0 0 1 1 0 0 0 No
0 1 1 1 0 0 1 No
0 1 0 1 0 0 0 No
0 0 0 1 0 0 1 No
1 1 1 1 0 0 0 No
1 0 1 1 1 0 1 No
1 1 0 1 1 0 0 No
1 1 0 1 0 0 1 No
0 0 1 1 0 0 0 No
1 1 1 1 0 0 1 No
1 1 1 1 0 0 0 No
1 1 0 1 1 0 1 No
0 0 0 0 0 0 0 No
0 1 0 1 0 0 1 No
1 1 0 1 1 0 0 No
0 0 0 0 1 0 1 No
0 0 1 1 0 0 0 No
1 1 1 1 0 0 1 No
0 1 0 1 0 0 0 No
0 0 1 1 0 0 1 No
0 0 1 1 1 0 0 No
0 1 0 1 0 0 1 No
0 1 1 1 0 0 0 No
0 1 0 1 1 0 1 No
0 0 0 1 0 0 0 No
1 0 1 1 0 0 1 No
1 0 0 1 1 0 0 No
1 1 0 1 1 0 1 No
0 0 0 1 1 0 0 No
0 1 0 1 0 0 1 No
0 0 1 1 1 0 0 No
0 1 0 1 0 0 1 No
1 0 0 1 0 0 0 No
0 1 0 0 0 0 1 No
1 0 0 1 0 0 0 No
0 1 1 1 0 0 1 No
0 0 0 1 1 0 0 No
0 0 1 1 1 0 1 No
1 0 1 1 1 0 0 No
1 0 1 1 0 0 1 No
1 0 1 1 0 0 0 No
0 1 0 1 0 0 1 No
0 1 0 1 0 0 0 No
1 0 1 1 1 0 1 No
0 1 0 1 0 0 0 No
0 0 1 1 0 0 1 No
0 0 0 1 1 1 0 No
1 1 0 1 0 0 1 No
0 1 0 1 0 0 0 No
0 1 0 1 1 0 1 No
1 1 1 1 0 0 0 No
1 0 1 1 1 0 1 No
1 1 0 0 1 0 0 No
0 1 1 1 1 0 1 No
0 0 1 1 0 0 0 No
1 1 0 1 0 0 1 No
0 0 1 1 0 0 0 No
0 1 1 1 0 0 1 No
1 0 0 1 0 0 0 No
1 1 0 1 1 0 1 No
0 1 1 1 1 0 0 No
1 1 1 1 0 0 1 No
0 1 1 1 1 0 0 No
1 0 1 1 1 0 1 No
0 0 1 1 1 0 0 No
1 1 1 1 0 0 1 No
1 1 1 1 0 0 0 No
1 1 1 1 1 0 1 No
1 0 0 1 1 0 0 No
1 1 1 0 0 0 1 No
1 0 1 1 0 0 0 No
1 1 0 1 1 0 1 No
0 0 1 1 0 0 0 No
1 1 0 1 0 0 1 No
0 0 1 1 0 0 0 No
0 1 0 1 1 0 1 No
1 1 0 0 0 0 0 No
1 0 1 1 0 0 1 No
0 0 1 1 0 0 0 No
0 1 0 1 0 0 1 No
0 0 0 1 0 0 0 No
0 1 0 1 0 0 1 No
0 1 0 1 0 0 0 No
0 1 0 1 0 0 1 No
1 0 0 1 1 0 0 No
1 1 1 1 0 0 1 No
1 1 1 1 1 0 0 No
0 0 0 1 0 0 1 No
1 0 0 1 0 0 0 No
0 0 1 1 1 0 1 No
0 0 1 1 1 0 0 No
0 1 0 1 1 1 1 No
1 1 0 1 1 0 0 No
0 0 0 1 0 1 1 No
0 1 1 1 0 0 0 No
0 1 0 1 1 0 1 No
0 0 1 1 1 1 0 No
0 1 0 1 1 0 1 No
1 0 1 1 0 0 0 No
0 1 1 1 1 0 1 No
1 0 1 1 1 0 0 No
1 0 0 1 0 0 1 No
0 0 1 1 0 0 0 No
1 1 0 1 0 0 1 No
0 0 1 1 0 0 0 No
0 1 1 1 1 0 1 No
0 1 1 1 0 1 0 No
1 1 1 1 0 0 1 No
0 0 0 1 0 0 0 No
0 1 0 1 1 0 1 No
0 0 0 1 0 0 0 No
1 0 0 1 0 0 1 No
1 1 1 1 1 0 0 No
0 1 1 1 0 0 1 No
0 0 0 1 1 0 0 No
1 1 1 1 0 0 1 No
0 0 1 1 0 0 0 No
0 1 0 1 0 0 1 No
0 1 1 1 0 0 0 No
0 1 0 1 0 1 1 No
1 0 1 1 1 0 0 No
1 0 1 1 0 0 1 No
0 1 0 1 0 0 0 No
1 1 0 1 0 0 1 No
0 1 0 1 0 0 0 No
1 0 1 1 0 0 1 No
1 0 1 1 0 0 0 No
1 1 1 1 0 0 1 No
0 0 1 1 0 1 0 No
0 0 1 1 0 0 1 No
1 0 0 1 1 0 0 No
0 1 1 1 0 0 1 No
1 0 0 1 0 0 0 No
0 0 0 1 0 0 1 No
0 1 0 1 0 0 0 No
1 0 0 1 0 0 1 No
0 1 0 1 0 0 0 No
1 0 0 1 0 1 1 No
0 0 0 1 0 0 0 No
1 0 0 1 1 0 1 No
0 0 1 1 0 1 0 No
0 1 0 1 0 0 1 No
0 1 0 1 0 0 0 No
1 0 0 1 0 0 1 No
0 0 0 1 0 0 0 No
1 0 0 1 0 0 1 No
1 1 1 1 0 0 0 No
1 1 0 1 0 0 1 No
0 0 0 1 0 0 0 No
0 1 0 1 1 0 1 No
0 1 1 1 1 0 0 No
1 1 1 1 1 0 1 No
1 1 0 1 0 0 0 No
0 0 0 1 0 0 1 No
1 1 1 1 0 0 0 No
0 1 0 1 0 0 1 No
0 1 1 1 0 1 0 No
0 1 1 1 0 0 1 No
0 0 0 1 1 0 0 No
0 1 1 1 0 0 1 No
0 1 1 1 0 0 0 No
1 0 0 0 0 0 1 No
0 1 0 1 0 0 0 No
1 1 0 1 0 0 1 No
0 1 1 1 0 0 0 No
0 1 0 1 0 0 1 No
0 1 0 0 0 0 0 No
0 1 0 1 0 1 1 No
1 1 1 1 0 0 0 No
1 0 0 1 0 0 1 No
1 1 0 1 0 0 0 No
0 1 0 1 0 0 1 No
1 0 1 1 0 0 0 No
0 0 0 1 0 0 1 No
1 1 0 1 0 0 0 No
0 1 0 1 0 0 1 No
0 1 0 1 0 0 0 No
0 1 1 1 1 0 1 No
1 1 1 1 0 0 0 No
1 0 0 1 1 0 1 No
0 1 0 1 0 0 0 No
0 1 0 1 0 0 1 No
0 0 1 1 0 0 0 No
0 0 0 1 0 0 1 No
0 1 0 1 0 0 0 No
0 0 0 1 1 0 1 No
0 1 0 1 0 0 0 No
1 1 0 1 0 0 1 No
0 1 1 1 1 0 0 No
0 1 1 1 0 0 1 No
0 1 1 1 1 0 0 No
0 1 1 1 0 0 1 No
1 1 0 1 1 0 0 No
1 1 1 1 1 0 1 No
1 0 0 1 0 0 0 No
0 1 0 1 0 1 1 No
0 0 1 0 0 1 0 No
0 0 0 1 1 0 1 No
0 1 0 1 0 0 0 No
0 1 0 1 0 0 1 No
0 1 1 1 0 0 0 No
1 1 1 1 0 0 1 No
0 1 1 1 0 0 0 No
1 0 0 1 0 0 1 No
0 1 1 1 0 1 0 No
0 1 0 1 0 0 1 No
0 0 1 1 0 0 0 No
1 1 0 1 0 0 1 No
1 1 0 1 0 0 0 No
0 1 1 1 0 0 1 No
1 0 0 1 0 0 0 No
0 0 0 1 0 0 1 No
0 1 1 1 0 0 0 No
0 0 0 1 0 0 1 No
0 1 0 1 1 0 0 No
0 0 0 1 1 0 1 No
1 0 0 1 0 0 0 No
1 0 1 1 1 0 1 No
0 1 0 1 0 0 0 No
1 1 0 1 1 0 1 No
1 1 1 1 0 0 0 No
0 0 1 1 0 0 1 No
0 1 0 1 0 0 0 No
1 1 0 1 0 0 1 No
0 0 1 1 0 0 0 No
0 1 1 1 1 0 1 No
0 1 0 1 0 0 0 No
0 1 1 1 1 0 1 No
0 1 1 1 0 0 0 No
1 1 0 1 0 0 1 No
0 1 1 1 1 0 0 No
1 0 1 1 0 0 1 No
1 1 1 1 0 0 0 No
1 0 0 1 1 0 1 No
1 1 1 1 1 0 0 No
1 1 1 1 1 0 1 No
0 1 0 1 0 0 0 No
1 0 1 1 0 0 1 No
0 1 1 1 0 0 0 No
1 1 0 1 1 0 1 No
0 1 1 1 0 0 0 No
1 0 1 1 1 0 1 No
1 1 0 1 1 0 0 No
0 1 0 1 0 0 1 No
0 0 1 1 0 0 0 No
0 1 0 1 1 1 1 No
1 0 0 1 0 0 0 No
0 0 1 0 0 0 1 No
0 1 1 1 0 0 0 No
0 0 0 1 0 0 1 No
0 1 0 1 1 0 0 No
1 1 1 1 0 0 1 No
0 0 1 1 0 0 0 No
0 0 1 1 0 0 1 No
1 1 0 1 0 0 0 No
0 0 0 0 0 0 1 No
0 0 1 1 0 0 0 No
1 0 1 0 0 0 1 No
1 0 0 1 0 0 0 No
1 1 0 1 0 0 1 No
1 1 0 1 1 0 0 No
0 1 0 1 1 0 1 No
1 0 1 0 0 0 0 No
0 0 0 1 0 0 1 No
1 1 0 1 1 0 0 No
1 1 0 1 0 0 1 No
0 0 1 1 0 0 0 No
1 0 1 1 1 0 1 No
1 1 1 1 1 0 0 No
1 1 1 1 0 0 1 No
0 0 0 1 0 0 0 No
0 0 0 1 1 0 1 No
0 1 1 0 0 0 0 No
0 1 0 1 0 0 1 No
0 0 1 1 0 0 0 No
1 1 0 1 1 0 1 No
1 1 0 1 0 0 0 No
0 1 0 1 0 0 1 No
0 0 0 1 0 0 0 No
1 1 0 1 1 0 1 No
0 1 0 1 0 0 0 No
1 1 0 1 0 0 1 No
0 1 1 1 0 0 0 No
1 0 0 1 0 0 1 No
0 1 0 1 0 0 0 No
0 1 1 1 0 0 1 No
1 0 1 1 0 0 0 No
0 0 1 1 0 0 1 No
0 1 1 1 0 0 0 No
0 1 0 1 0 0 1 No
0 1 1 1 0 0 0 No
1 0 1 1 0 0 1 No
1 0 1 1 0 0 0 No
0 1 1 1 0 0 1 No
0 1 1 1 0 0 0 No
1 1 0 1 0 0 1 No
1 0 0 1 0 0 0 No
0 1 1 1 1 0 1 No
0 0 1 1 1 0 0 No
1 1 1 1 0 0 1 No
0 0 1 1 1 0 0 No
0 1 0 1 0 0 1 No
0 1 1 1 1 0 0 No
0 0 1 1 0 0 1 No
1 1 1 1 1 0 0 No
0 1 1 1 0 0 1 No
0 0 1 1 0 0 0 No
0 1 0 1 0 0 1 No
1 1 1 1 0 0 0 No
1 1 1 1 1 0 1 No
1 1 1 1 0 0 0 No
0 0 0 1 0 0 1 No
1 0 0 1 0 0 0 No
0 0 1 1 0 0 1 No
0 1 0 1 0 0 0 No
1 0 1 1 0 0 1 No
0 1 1 0 1 0 0 No
0 0 1 1 0 0 1 No
0 1 0 1 1 0 0 No
0 1 0 1 1 0 1 No
1 1 1 1 0 0 0 No
0 0 1 1 0 0 1 No
0 1 0 1 0 0 0 No
1 1 0 1 0 0 1 No
0 0 0 1 1 0 0 No
0 0 1 1 0 0 1 No
1 1 0 1 0 0 0 No
0 0 1 1 0 0 1 No
1 0 1 1 0 0 0 No
0 0 1 1 0 0 1 No
0 1 0 1 0 0 0 No
0 1 0 1 1 0 1 No
0 1 0 1 1 0 0 No
0 0 1 1 0 0 1 No
1 0 0 1 0 0 0 No
1 0 1 1 0 1 1 No
0 1 0 1 1 0 0 No
0 0 1 1 0 0 1 No
0 1 0 1 0 0 0 No
0 1 0 1 1 0 1 No
0 0 1 1 0 1 0 No
0 0 0 1 0 0 1 No
1 0 1 1 1 0 0 No
0 0 0 1 1 0 1 No
1 1 0 1 0 0 0 No
0 0 0 1 0 0 1 No
0 0 0 1 0 0 0 No
0 0 0 1 0 0 1 No
0 0 0 1 0 0 0 No
0 1 0 1 0 0 1 No
0 1 0 1 1 0 0 No
1 1 1 1 0 0 1 No
0 1 0 0 1 0 0 No
0 1 1 1 0 0 1 No
0 0 0 1 0 0 0 No
0 1 0 1 0 0 1 No
0 1 0 1 0 0 0 No
0 0 0 1 0 0 1 No
0 0 0 0 0 0 0 No
0 1 1 1 0 0 1 No
1 0 1 1 0 0 0 No
0 0 1 1 0 0 1 No
1 1 0 1 0 0 0 No
1 0 0 0 1 1 1 No
0 1 0 1 1 0 0 No
1 0 0 1 1 0 1 No
0 1 0 1 0 0 0 No
0 1 1 1 1 0 1 No
0 1 1 1 0 1 0 No
0 1 1 0 0 0 1 No
0 1 0 1 0 0 0 No
1 0 0 1 0 0 1 No
0 0 0 0 1 0 0 No
1 1 0 1 0 0 1 No
0 1 1 1 0 0 0 No
0 1 0 1 1 0 1 No
1 1 0 1 0 0 0 No
1 1 0 1 0 0 1 No
1 1 0 1 0 1 0 No
1 1 0 1 0 0 1 No
1 1 1 1 0 0 0 No
1 1 0 0 1 0 1 No
1 1 0 1 1 0 0 No
1 0 0 1 0 0 1 No
0 0 0 1 1 0 0 No
0 1 0 1 1 0 1 No
0 0 1 1 1 0 0 No
0 1 0 1 1 0 1 No
0 0 1 1 1 0 0 No
0 0 1 1 0 0 1 No
1 0 1 1 0 0 0 No
0 1 1 1 0 0 1 No
0 1 1 1 0 0 0 No
1 0 0 1 0 0 1 No
1 0 1 1 0 0 0 No
1 1 0 1 0 0 1 No
1 0 0 1 0 0 0 No
0 0 0 1 0 0 1 No
0 1 0 1 1 0 0 No
1 1 0 0 0 0 1 No
1 1 1 1 0 0 0 No
0 0 0 0 0 1 1 No
1 0 0 1 0 0 0 No
1 0 0 1 1 0 1 No
1 0 1 1 1 0 0 No
1 0 0 1 1 0 1 No
0 1 0 1 0 0 0 No
0 0 0 1 0 0 1 No
0 1 1 1 1 1 0 No
1 1 1 1 0 0 1 No
1 0 0 1 1 0 0 No
0 0 1 1 0 0 1 No
0 1 0 1 1 0 0 No
0 0 1 1 1 0 1 No
1 1 1 1 0 0 0 No
1 1 1 1 0 0 1 No
0 1 1 1 0 0 0 No
1 1 1 1 0 0 1 No
0 0 0 1 0 0 0 No
1 1 0 1 0 0 1 No
1 0 0 1 0 0 0 No
0 0 0 1 0 0 1 No
1 0 1 1 0 0 0 No
0 1 0 1 1 0 1 No
0 0 0 1 0 0 0 No
1 1 0 1 0 0 1 No
1 0 1 1 0 0 0 No
0 0 1 1 1 0 1 No
0 1 0 1 1 0 0 No
0 1 1 1 1 1 1 No
1 1 0 1 1 0 0 No
1 0 0 1 0 0 1 No
1 1 1 1 1 0 0 No
0 0 1 1 0 0 1 No
1 1 1 1 0 0 0 No
1 1 1 1 0 0 1 No
1 1 1 0 0 1 0 No
0 1 1 1 1 0 1 No
0 1 1 1 0 1 0 No
0 0 1 1 0 0 1 No
0 1 1 1 1 0 0 No
0 1 0 1 0 0 1 No
1 1 0 1 1 0 0 No
0 0 1 1 0 0 1 No
0 1 0 1 0 0 0 No
1 0 1 1 0 0 1 No
1 0 0 1 1 0 0 No
0 0 1 1 0 0 1 No
0 0 1 1 0 0 0 No
0 1 1 1 1 0 1 No
0 0 1 1 1 0 0 No
0 0 1 1 0 0 1 No
0 1 1 1 1 0 0 No
1 0 0 1 0 0 1 No
0 1 1 1 0 0 0 No
0 1 1 1 0 0 1 No
0 0 1 1 0 0 0 No
0 1 0 1 0 0 1 No
0 1 0 1 0 0 0 No
1 0 1 1 1 0 1 No
1 1 0 1 0 0 0 No
0 0 0 1 0 0 1 No
1 1 1 1 0 0 0 No
1 1 0 1 0 0 1 No
0 1 1 1 0 0 0 No
0 1 0 1 0 0 1 No
0 1 0 1 0 0 0 No
0 0 1 1 1 0 1 No
1 1 1 1 0 0 0 No
1 0 1 1 1 0 1 No
0 1 1 1 0 0 0 No
0 1 0 1 0 0 1 No
0 0 1 1 0 0 0 No
0 0 1 1 0 0 1 No
1 1 1 1 1 0 0 No
0 1 1 1 1 0 1 No
0 1 0 1 0 0 0 No
0 0 1 1 1 1 1 No
1 1 1 1 1 0 0 No
1 1 0 1 1 0 1 No
1 1 0 1 1 0 0 No
0 1 1 1 0 0 1 No
0 1 0 1 0 0 0 No
0 0 1 1 0 0 1 No
1 1 0 1 0 0 0 No
1 0 0 1 0 0 1 No
1 1 0 1 1 0 0 No
1 1 0 1 1 0 1 No
0 1 0 1 0 0 0 No
1 0 0 1 0 0 1 No
0 1 1 1 0 0 0 No
0 1 0 1 0 0 1 No
0 1 1 1 0 1 0 No
1 1 0 1 1 0 1 No
1 1 0 1 1 0 0 No
0 0 0 1 0 0 1 No
1 0 0 1 1 0 0 No
0 1 0 1 1 0 1 No
1 1 1 1 1 0 0 No
0 1 1 1 0 0 1 No
1 0 1 1 0 0 0 No
1 0 1 1 0 0 1 No
0 0 1 1 1 0 0 No
0 1 1 1 0 0 1 No
0 1 0 1 1 0 0 No
0 0 1 1 0 0 1 No
1 1 1 1 0 0 0 No
0 0 0 1 1 0 1 No
0 1 0 1 0 0 0 No
1 0 1 1 0 0 1 No
0 1 1 1 0 0 0 No
0 1 1 1 0 0 1 No
0 1 0 1 0 0 0 No
0 1 1 1 0 0 1 No
1 0 0 1 0 0 0 No
1 0 0 1 0 0 1 No
0 0 1 0 1 1 0 Yes
1 0 0 0 1 1 0 Yes
1 0 1 1 0 1 0 Yes
0 1 0 0 1 1 0 Yes
1 0 1 0 1 1 0 Yes
0 1 0 0 1 1 0 Yes
1 0 1 1 0 1 0 Yes
1 1 1 1 1 1 0 Yes
1 1 0 0 1 0 0 Yes
1 0 1 1 1 1 0 Yes
0 1 0 0 1 1 0 Yes
1 0 0 0 1 1 0 Yes
0 0 0 0 1 1 0 Yes
0 0 1 1 1 1 0 Yes
0 0 0 0 1 1 0 Yes
1 0 0 0 1 1 0 Yes
1 0 0 0 1 1 0 Yes
0 0 1 0 0 1 0 Yes
0 0 0 1 1 1 0 Yes
0 0 1 0 1 1 0 Yes
1 0 0 0 0 1 0 Yes
1 0 1 1 0 1 0 Yes
1 0 1 0 1 1 0 Yes
0 0 0 0 0 1 0 Yes
1 0 0 1 0 1 0 Yes
1 1 0 1 1 1 0 Yes
1 0 1 0 1 1 0 Yes
0 0 0 0 1 1 0 Yes
1 0 0 1 1 1 0 Yes
1 0 1 0 0 1 0 Yes
0 0 1 1 1 1 0 Yes
0 1 1 1 0 1 0 Yes
0 1 0 1 1 1 0 Yes
0 0 1 0 1 1 0 Yes
1 0 1 1 0 1 0 Yes
1 1 0 1 1 1 0 Yes
1 0 0 1 1 1 0 Yes
1 1 1 0 1 1 0 Yes
1 1 1 1 1 1 0 Yes
0 1 1 0 0 1 0 Yes
1 1 1 0 0 1 0 Yes
0 0 0 1 1 1 0 Yes
0 1 0 0 0 0 0 Yes
0 1 0 0 1 1 0 Yes
0 1 0 0 1 1 0 Yes
0 0 0 1 0 1 0 Yes
1 1 1 0 1 1 0 Yes
0 1 0 0 1 1 0 Yes
0 0 1 1 0 1 0 Yes
0 0 1 1 0 1 0 Yes
0 1 0 0 0 1 0 Yes
0 0 1 0 0 1 0 Yes
0 0 1 0 1 1 0 Yes
1 0 1 1 1 1 0 Yes
1 0 1 0 1 1 0 Yes
1 1 1 0 0 1 0 Yes
0 0 1 1 1 1 0 Yes
0 0 1 1 1 1 0 Yes
0 0 0 0 1 1 0 Yes
0 1 0 0 1 1 0 Yes
1 1 1 0 1 1 0 Yes
0 0 0 1 1 1 0 Yes
1 0 0 1 1 1 0 Yes
0 0 1 1 1 1 0 Yes
0 1 0 1 1 1 0 Yes
1 1 0 1 0 1 0 Yes
0 1 1 0 1 1 0 Yes
0 1 1 1 0 1 0 Yes
0 0 1 0 0 1 0 Yes
0 1 0 0 1 1 0 Yes
1 1 1 0 1 1 0 Yes
1 0 0 1 1 1 0 Yes
0 1 1 0 0 1 0 Yes
0 0 1 0 1 1 0 Yes
0 1 0 0 1 1 0 Yes
1 0 0 0 1 1 0 Yes
0 0 1 0 1 1 0 Yes
0 1 1 1 0 1 0 Yes
0 1 0 0 1 1 0 Yes
0 0 1 1 1 1 0 Yes
0 0 0 0 1 1 0 Yes
1 0 1 0 0 1 0 Yes
1 1 0 1 0 1 0 Yes
1 0 0 1 1 1 0 Yes
0 0 1 1 0 1 0 Yes
0 1 1 0 1 1 0 Yes
1 0 0 0 0 1 0 Yes
0 0 1 1 1 1 0 Yes
1 1 1 0 1 0 0 Yes
1 0 0 0 0 1 0 Yes
1 1 0 0 0 1 0 Yes
1 1 0 0 1 1 0 Yes
1 0 1 0 1 1 0 Yes
1 0 1 0 1 1 0 Yes
0 0 0 0 0 0 0 Yes
1 0 0 1 1 0 0 Yes
1 1 1 1 1 1 0 Yes
1 1 0 0 1 1 0 Yes
1 1 0 0 0 1 0 Yes
1 1 1 0 0 0 0 Yes
0 0 1 1 0 1 0 Yes
1 1 1 0 1 1 0 Yes
0 1 0 0 1 1 0 Yes
1 0 1 1 0 1 0 Yes
1 0 0 0 1 1 0 Yes
0 1 1 0 1 1 0 Yes
1 0 1 0 1 1 0 Yes
0 0 1 0 0 1 0 Yes
1 0 1 1 1 1 0 Yes
1 0 1 1 0 1 0 Yes
1 1 1 0 0 1 0 Yes
0 1 0 1 1 1 0 Yes
1 0 1 0 1 1 0 Yes
0 1 0 1 0 1 0 Yes
0 1 1 1 1 1 0 Yes
1 1 1 0 1 1 0 Yes
1 0 0 0 1 1 0 Yes
1 1 0 1 1 1 0 Yes
1 0 0 0 1 1 0 Yes
1 0 1 1 1 1 0 Yes
1 0 1 0 0 1 0 Yes
1 1 1 0 0 1 0 Yes
1 0 0 1 1 1 0 Yes
1 0 0 0 1 1 0 Yes
1 0 0 0 1 1 0 Yes
1 1 0 0 1 1 0 Yes
1 0 1 0 1 1 0 Yes
1 0 0 0 1 1 0 Yes
0 0 0 0 1 1 0 Yes
0 0 0 1 1 1 0 Yes
1 0 0 1 1 1 0 Yes
0 0 0 0 0 1 0 Yes
1 0 1 0 1 1 0 Yes
1 0 0 1 1 1 0 Yes
0 1 0 0 1 1 0 Yes
1 1 1 0 1 1 0 Yes
0 0 1 1 1 1 0 Yes
1 0 0 0 1 1 0 Yes
0 1 1 1 0 1 0 Yes
1 0 0 1 1 1 0 Yes
1 0 1 1 1 1 0 Yes
1 0 1 0 0 1 0 Yes
1 1 1 1 1 1 0 Yes
0 0 1 0 0 0 0 Yes
1 1 1 0 0 1 0 Yes
1 1 0 0 1 1 0 Yes
0 1 1 0 0 1 0 Yes
1 0 0 0 0 1 0 Yes
1 1 1 0 0 1 0 Yes
0 1 1 0 1 1 0 Yes
0 1 0 1 0 1 0 Yes
1 0 0 0 1 1 0 Yes
0 0 0 0 0 1 0 Yes
1 1 0 1 1 1 0 Yes
0 1 1 0 1 1 0 Yes
1 1 1 1 0 1 0 Yes
1 1 0 0 1 1 0 Yes
0 1 0 1 1 1 0 Yes
1 1 0 1 1 1 0 Yes
1 1 1 0 0 1 0 Yes
1 1 1 0 1 1 1 Yes
0 1 0 1 0 1 1 Yes
1 1 0 1 1 1 1 Yes
1 0 1 0 1 1 1 Yes
0 0 0 1 0 1 1 Yes
1 0 0 0 1 1 1 Yes
1 1 0 1 1 1 1 Yes
1 0 0 0 0 1 1 Yes
0 0 1 1 1 1 1 Yes
1 1 1 0 0 1 1 Yes
1 0 0 1 0 1 1 Yes
0 0 1 1 1 1 1 Yes
1 0 0 0 1 0 1 Yes
0 0 0 0 1 1 1 Yes
1 1 0 0 0 1 1 Yes
0 0 1 1 1 1 1 Yes
0 1 0 0 1 1 1 Yes
0 0 1 0 0 1 1 Yes
1 0 1 1 1 1 1 Yes
1 1 1 1 0 1 1 Yes
1 0 0 0 0 1 1 Yes
1 1 1 0 1 1 1 Yes
1 1 1 0 1 1 1 Yes
0 1 1 1 1 1 1 Yes
1 0 1 1 0 1 1 Yes
1 1 1 0 1 1 1 Yes
0 0 0 0 1 1 1 Yes
0 0 0 0 1 1 1 Yes
1 0 1 1 0 1 1 Yes
0 0 1 1 0 1 1 Yes
1 0 0 1 1 1 1 Yes
1 0 0 0 1 1 1 Yes
1 0 0 0 1 1 1 Yes
0 1 1 1 1 1 1 Yes
1 0 0 1 1 1 1 Yes
1 0 0 0 1 1 1 Yes
0 1 0 0 1 1 1 Yes
1 0 0 0 1 1 1 Yes
1 0 1 1 0 1 1 Yes
1 0 0 0 1 1 1 Yes
0 1 1 1 0 1 1 Yes
0 0 0 1 1 1 1 Yes
1 1 0 1 1 1 1 Yes
1 1 1 1 0 1 1 Yes
0 0 0 1 1 1 1 Yes
0 1 0 0 1 1 1 Yes
1 0 1 0 1 1 1 Yes
0 1 0 0 1 1 1 Yes
0 0 0 1 1 1 1 Yes
0 1 0 0 0 1 1 Yes
0 0 1 1 0 1 1 Yes
1 1 0 0 1 1 1 Yes
1 0 1 0 1 1 1 Yes
0 1 1 0 0 1 1 Yes
1 1 0 0 1 1 1 Yes
1 0 0 0 0 1 1 Yes
1 1 0 0 1 1 1 Yes
0 1 1 1 1 1 1 Yes
1 0 0 0 1 1 1 Yes
1 0 0 1 1 1 1 Yes
0 0 0 0 0 1 1 Yes
1 1 1 0 1 1 1 Yes
1 0 1 1 0 1 1 Yes
1 0 1 0 0 1 1 Yes
0 1 0 0 1 1 1 Yes
0 1 0 0 1 1 1 Yes
1 1 1 1 1 1 1 Yes
0 1 1 1 0 1 1 Yes
0 1 0 1 0 1 1 Yes
1 1 1 0 1 0 1 Yes
1 0 1 1 1 1 1 Yes
1 0 0 0 1 1 1 Yes
0 0 0 0 1 1 1 Yes
0 0 1 1 1 1 1 Yes
0 0 1 0 0 1 1 Yes
1 1 0 0 1 1 1 Yes
1 0 1 0 1 1 1 Yes
1 0 0 0 1 0 1 Yes
1 0 0 1 1 1 1 Yes
0 0 1 1 0 1 1 Yes
0 1 1 0 1 1 1 Yes
1 0 1 0 1 1 1 Yes
0 1 1 0 1 1 1 Yes
1 1 1 1 1 1 1 Yes
0 1 1 0 1 1 1 Yes
1 0 0 0 1 1 1 Yes
1 0 0 0 1 1 1 Yes
0 1 1 0 1 1 1 Yes
1 0 0 1 1 1 1 Yes
1 0 0 0 0 0 1 Yes
0 0 1 0 1 1 1 Yes
1 1 1 0 0 1 1 Yes
1 0 0 0 1 1 1 Yes
0 1 0 1 1 1 1 Yes
0 0 1 0 0 1 1 Yes
0 1 1 0 1 1 1 Yes
1 0 0 0 1 1 1 Yes
1 0 0 1 0 1 1 Yes
1 0 0 0 0 0 1 Yes
1 1 1 1 1 1 1 Yes
0 0 1 1 1 0 1 Yes
1 0 1 1 1 1 1 Yes
1 1 0 0 0 1 1 Yes
1 0 1 0 0 0 1 Yes
1 1 1 1 0 1 1 Yes
1 1 0 0 1 1 1 Yes
0 1 1 0 0 1 1 Yes
1 1 1 1 1 1 1 Yes
1 0 0 0 1 0 1 Yes
0 1 1 0 1 1 1 Yes
0 1 0 1 1 1 1 Yes
0 0 0 1 1 1 1 Yes
1 1 0 0 0 1 1 Yes
1 1 1 0 1 1 1 Yes
1 0 1 1 1 1 1 Yes
0 0 0 0 1 1 1 Yes
1 1 0 1 1 1 1 Yes
1 0 1 0 1 1 1 Yes
1 1 0 1 1 1 1 Yes
0 1 0 0 0 1 1 Yes
1 1 0 1 0 1 1 Yes
1 0 0 0 1 1 1 Yes
1 0 0 0 1 1 1 Yes
1 1 0 0 1 1 1 Yes
1 0 0 0 1 1 1 Yes
1 0 1 0 1 1 1 Yes
1 0 0 0 0 1 1 Yes
0 0 1 0 0 1 1 Yes
0 0 1 0 1 1 1 Yes
1 0 0 0 0 1 1 Yes
1 0 0 1 1 1 1 Yes
1 1 0 0 0 1 1 Yes
1 0 0 0 1 1 1 Yes
1 0 1 0 1 1 1 Yes
1 0 0 1 1 0 1 Yes
0 1 1 0 1 0 1 Yes
1 1 0 0 1 1 1 Yes
1 0 1 0 1 1 1 Yes
1 0 1 1 1 1 1 Yes
1 0 0 0 1 1 1 Yes
1 0 1 1 1 1 1 Yes
1 0 1 0 1 1 1 Yes
1 0 0 1 0 1 1 Yes
1 1 1 1 1 1 1 Yes
1 0 0 0 0 1 1 Yes
0 0 1 0 1 1 1 Yes
1 0 0 1 1 1 1 Yes
1 1 1 1 1 1 1 Yes
1 1 0 0 0 1 1 Yes
0 0 1 1 0 1 1 Yes
1 0 0 0 1 1 1 Yes
0 1 0 1 1 1 1 Yes
0 0 0 1 1 1 1 Yes
0 1 1 1 1 1 1 Yes
1 1 1 1 0 1 1 Yes
0 0 1 0 1 1 1 Yes
1 1 1 1 1 0 1 Yes
0 0 1 0 0 1 1 Yes
0 1 0 0 1 1 1 Yes
0 0 0 0 1 0 1 Yes
0 0 1 0 0 1 1 Yes
0 0 1 1 1 0 1 Yes
0 0 1 1 1 1 1 Yes
1 1 1 0 1 1 1 Yes
0 0 1 0 1 1 1 Yes
0 0 1 1 1 1 1 Yes
1 1 1 1 1 0 1 Yes
0 0 1 1 1 1 1 Yes
1 0 0 0 1 1 1 Yes
0 1 0 0 0 1 1 Yes
1 1 0 0 1 1 1 Yes
0 0 0 1 1 1 1 Yes
1 0 0 0 1 1 1 Yes
1 0 1 0 1 1 1 Yes
0 1 0 1 0 1 1 Yes
0 0 1 0 0 1 1 Yes
0 1 1 0 0 1 1 Yes
1 1 0 0 1 1 1 Yes
1 1 1 0 1 1 1 Yes
0 0 0 1 1 0 1 Yes
1 0 1 1 1 1 1 Yes
1 1 0 0 1 1 1 Yes
0 1 1 1 0 1 1 Yes
1 0 1 0 1 1 1 Yes
0 1 1 0 1 1 1 Yes
0 1 1 1 0 1 1 Yes
0 1 1 1 1 1 1 Yes
0 0 1 1 1 1 1 Yes
0 0 0 1 0 1 1 Yes
1 0 1 1 1 1 1 Yes
1 1 0 0 1 1 1 Yes
0 0 1 1 0 1 1 Yes
1 1 1 0 1 1 1 Yes
1 0 1 1 0 1 1 Yes
0 0 0 1 1 1 1 Yes
0 1 0 1 1 1 1 Yes
1 1 0 1 1 1 1 Yes
1 0 0 1 0 1 1 Yes
1 0 0 0 1 1 1 Yes
1 0 1 1 0 0 1 Yes
1 0 0 0 0 1 1 Yes
1 1 0 1 1 1 1 Yes
0 1 1 0 1 1 1 Yes
1 0 0 1 0 1 1 Yes
0 1 0 0 1 1 1 Yes
0 0 1 1 0 1 1 Yes
1 1 1 1 1 1 1 Yes
0 1 0 1 1 1 1 Yes
1 1 0 0 1 0 1 Yes
0 0 0 0 0 1 1 Yes
0 0 0 0 1 1 1 Yes
1 0 0 0 1 1 1 Yes
0 0 0 0 1 1 1 Yes
1 1 0 0 1 1 1 Yes
1 0 1 1 1 1 1 Yes
1 0 0 0 0 1 1 Yes
1 0 0 1 0 1 1 Yes
1 0 0 1 1 1 1 Yes
1 0 0 1 1 1 1 Yes
1 1 1 1 1 0 1 Yes
1 0 0 0 0 1 1 Yes
1 1 0 1 1 1 1 Yes
1 1 1 1 1 1 1 Yes
1 1 0 1 0 1 1 Yes
1 0 1 0 1 1 1 Yes
1 0 1 1 1 1 1 Yes
0 0 0 1 0 1 1 Yes
0 0 1 0 1 1 1 Yes
1 0 1 1 1 1 1 Yes
0 1 1 0 1 1 1 Yes
1 0 0 0 1 1 1 Yes
1 0 1 0 1 0 1 Yes
1 1 0 0 1 0 1 Yes
1 0 0 1 1 1 1 Yes
1 0 1 1 0 1 1 Yes
1 1 1 0 1 0 1 Yes
0 1 0 1 1 1 1 Yes
1 0 1 0 0 1 1 Yes
0 0 0 1 1 1 1 Yes
1 1 1 1 0 1 1 Yes
1 1 0 1 1 1 1 Yes
1 1 1 1 0 1 1 Yes
1 0 1 0 1 1 1 Yes
1 0 1 0 0 0 1 Yes
1 1 1 0 0 1 1 Yes
1 0 0 0 1 1 1 Yes
0 1 0 0 1 1 1 Yes
1 0 1 0 1 1 1 Yes
0 1 0 1 0 1 1 Yes
1 0 0 0 0 1 1 Yes
0 1 1 0 1 1 1 Yes
1 0 0 0 0 1 1 Yes
0 1 0 0 1 0 1 Yes
1 0 0 0 0 1 1 Yes
0 0 1 1 1 1 1 Yes
0 1 0 0 1 1 1 Yes
0 1 0 0 0 1 1 Yes
1 1 0 0 1 1 1 Yes
1 0 0 1 0 1 1 Yes
1 0 0 0 1 1 1 Yes
1 1 1 0 0 0 1 Yes
1 0 1 1 1 1 1 Yes
1 0 1 0 1 1 1 Yes
0 0 1 0 1 1 1 Yes
0 0 0 1 1 1 1 Yes
1 1 1 1 0 1 1 Yes
0 0 0 1 1 1 1 Yes
1 1 1 0 1 1 1 Yes
0 1 0 1 1 1 1 Yes
1 0 0 1 1 1 1 Yes
1 0 1 0 1 1 1 Yes
1 0 0 0 1 1 1 Yes
1 1 1 0 0 1 1 Yes
1 0 0 0 0 1 1 Yes
1 0 0 0 1 1 1 Yes
1 1 1 0 0 1 1 Yes
0 0 1 1 1 0 1 Yes
1 0 1 0 1 1 1 Yes
0 0 1 0 0 1 1 Yes
0 0 1 1 1 1 1 Yes
0 0 0 0 1 1 1 Yes
1 0 1 0 1 1 1 Yes
0 0 0 1 1 1 1 Yes
1 0 1 1 1 1 1 Yes
1 1 0 0 0 1 1 Yes
1 0 0 1 0 1 1 Yes
0 0 0 0 0 1 1 Yes
1 0 1 1 1 1 1 Yes
0 0 1 0 1 1 1 Yes
1 0 1 0 0 1 1 Yes
1 0 0 1 1 1 1 Yes
1 1 0 0 1 1 1 Yes
1 0 0 0 1 1 1 Yes
1 1 0 0 1 1 1 Yes
1 0 0 0 1 1 1 Yes
1 0 0 0 1 1 1 Yes
1 0 1 0 1 1 1 Yes
0 1 1 1 1 0 1 Yes
0 0 1 0 1 1 1 Yes
0 1 1 0 1 1 1 Yes
1 0 0 0 1 1 1 Yes
0 0 1 0 0 1 1 Yes
0 0 0 1 1 1 1 Yes
1 0 1 1 1 1 1 Yes
0 0 0 1 1 0 1 Yes
0 0 1 0 1 1 1 Yes
1 1 0 0 1 1 1 Yes
1 0 1 1 0 1 1 Yes
0 0 0 0 0 1 1 Yes
1 1 1 1 1 1 1 Yes
0 0 0 1 1 0 1 Yes
1 0 0 0 0 1 1 Yes
1 0 1 0 1 1 1 Yes
1 0 0 0 1 1 1 Yes
0 1 0 1 1 1 1 Yes
0 1 0 0 1 1 1 Yes
1 0 1 1 1 1 1 Yes
1 0 0 0 1 1 1 Yes
0 0 1 0 0 1 1 Yes
1 1 0 0 1 1 1 Yes
1 1 0 1 1 1 1 Yes
1 0 0 0 1 1 1 Yes
1 0 0 0 0 1 1 Yes
0 1 0 0 1 1 1 Yes
1 0 0 1 1 1 1 Yes
0 0 1 0 0 1 1 Yes
1 0 0 0 1 1 1 Yes
1 0 1 1 1 1 1 Yes
1 0 1 0 0 1 1 Yes
1 1 1 1 1 1 1 Yes
0 0 1 0 1 1 1 Yes
1 0 1 0 1 1 1 Yes
0 1 1 1 0 1 1 Yes
1 0 0 1 0 1 1 Yes
1 0 1 1 1 1 1 Yes
1 0 0 1 1 1 1 Yes
1 0 1 0 0 1 1 Yes
1 0 0 1 1 1 1 Yes
0 0 1 1 1 1 1 Yes
1 0 0 1 1 1 1 Yes
1 1 0 0 0 1 1 Yes
1 0 0 1 1 1 1 Yes
1 0 1 0 1 1 1 Yes
0 0 1 1 0 1 1 Yes
1 1 0 1 1 1 1 Yes
1 0 1 0 1 1 1 Yes
0 0 1 0 0 1 1 Yes
0 1 0 1 1 1 1 Yes
1 0 0 1 0 1 1 Yes
1 0 0 1 0 1 1 Yes
1 0 0 1 1 1 1 Yes
0 0 0 0 1 1 1 Yes
1 0 1 0 1 1 1 Yes
0 1 0 0 1 1 1 Yes
1 1 1 0 0 1 1 Yes
1 1 1 1 1 1 1 Yes
0 1 0 0 0 0 1 Yes
0 1 0 1 0 1 1 Yes
1 0 1 0 0 1 1 Yes
1 0 1 1 1 1 1 Yes
1 0 0 0 0 1 1 Yes
1 0 0 1 1 1 1 Yes
1 0 0 0 1 1 1 Yes
1 1 1 1 1 1 1 Yes
1 1 1 1 1 1 1 Yes
1 1 0 1 0 1 1 Yes
1 0 0 0 1 1 1 Yes
0 0 0 0 1 1 1 Yes
0 1 0 0 1 1 1 Yes
1 0 1 1 1 1 1 Yes
0 0 0 1 0 1 1 Yes
1 1 0 0 1 1 1 Yes
1 1 0 1 1 1 1 Yes
1 0 0 1 0 1 1 Yes
0 0 1 1 0 1 1 Yes
0 0 1 0 1 1 1 Yes
0 1 1 0 1 1 1 Yes
1 0 0 0 0 1 1 Yes
0 0 0 1 1 1 1 Yes
1 1 1 0 1 1 1 Yes
1 0 0 0 0 1 1 Yes
1 0 1 0 0 1 1 Yes
0 0 0 0 1 1 1 Yes
0 1 0 1 1 0 1 Yes
1 0 0 0 1 1 1 Yes
1 0 1 0 0 1 1 Yes
0 1 0 1 0 1 1 Yes
0 0 1 1 1 1 1 Yes
1 1 1 0 1 1 1 Yes
1 1 1 0 1 1 1 Yes
1 1 1 1 1 1 1 Yes
1 1 0 1 0 1 1 Yes
0 0 0 0 1 1 1 Yes
0 1 0 1 1 1 1 Yes
1 0 0 0 1 1 1 Yes
0 0 0 0 1 1 1 Yes
0 0 0 1 1 1 1 Yes
1 1 0 1 1 1 1 Yes
1 1 1 0 1 1 1 Yes
1 0 1 0 1 1 1 Yes
0 0 1 1 0 1 1 Yes
1 1 0 0 0 0 1 Yes
0 0 0 0 0 1 1 Yes
0 0 0 0 1 1 1 Yes
1 0 0 1 0 1 1 Yes
1 1 1 1 1 1 1 Yes
0 0 0 0 1 0 1 Yes
0 0 1 1 1 1 1 Yes
1 0 0 0 1 1 1 Yes
1 1 1 1 0 1 1 Yes
1 0 1 0 1 1 1 Yes
1 1 0 1 1 1 1 Yes
1 1 0 1 1 1 1 Yes
1 1 0 0 0 1 1 Yes
1 0 0 0 1 1 1 Yes
0 0 1 0 1 1 1 Yes
1 1 0 1 1 1 1 Yes
1 0 1 1 1 1 1 Yes
0 1 1 1 0 1 1 Yes
1 1 1 1 0 1 1 Yes
1 1 0 0 0 1 1 Yes
0 1 0 0 1 1 1 Yes
0 1 1 1 1 1 1 Yes
1 0 0 1 0 1 1 Yes
1 1 1 0 1 1 1 Yes
0 0 0 1 1 1 1 Yes
0 0 0 0 1 1 1 Yes
0 0 0 0 1 1 1 Yes
0 0 0 0 1 1 1 Yes
0 0 0 0 1 1 1 Yes
1 1 0 1 0 1 1 Yes
1 1 1 1 1 1 1 Yes
0 1 0 0 1 1 1 Yes
1 0 0 0 1 1 1 Yes
1 0 0 0 1 1 1 Yes
0 0 0 0 1 1 1 Yes
0 1 1 1 0 1 1 Yes
1 0 0 0 1 1 1 Yes
1 0 1 0 1 1 1 Yes
0 1 0 0 1 1 1 Yes
1 1 0 1 0 0 1 Yes
1 0 0 1 1 1 1 Yes
1 1 1 0 1 1 1 Yes
0 0 1 1 1 1 1 Yes
1 0 1 0 0 1 1 Yes
0 1 0 1 1 1 1 Yes
0 1 1 0 0 1 1 Yes
1 1 0 1 1 1 1 Yes
1 1 0 1 1 1 1 Yes
1 0 0 1 1 1 1 Yes
0 0 0 1 1 1 1 Yes
1 0 1 0 1 1 1 Yes
1 1 1 0 1 1 1 Yes
0 0 1 1 0 1 1 Yes
0 0 0 0 0 1 1 Yes
1 1 0 0 1 1 1 Yes
1 1 1 0 0 1 1 Yes
0 0 0 1 1 1 1 Yes
0 0 0 0 0 1 1 Yes
0 0 1 0 0 1 1 Yes
1 1 0 0 0 0 1 Yes
1 0 0 1 0 0 1 Yes
0 1 1 1 1 1 1 Yes
1 0 1 1 1 1 1 Yes
0 1 1 0 1 1 1 Yes
1 0 1 1 0 1 1 Yes
1 0 0 1 1 1 1 Yes
1 0 1 0 0 1 1 Yes
1 0 0 1 1 0 1 Yes
1 0 1 1 1 1 1 Yes
0 0 0 1 0 1 1 Yes
1 1 0 1 1 1 1 Yes
0 1 0 0 0 1 1 Yes
1 0 0 0 0 1 1 Yes
0 0 1 0 1 1 1 Yes
1 1 0 0 1 1 1 Yes
1 0 0 1 1 1 1 Yes
1 1 0 1 1 1 1 Yes
1 0 0 0 1 1 1 Yes
1 0 0 0 1 1 1 Yes
0 0 0 1 0 1 1 Yes
1 0 0 0 1 1 1 Yes
0 1 1 0 1 1 1 Yes
1 1 1 0 1 1 1 Yes
1 0 1 0 1 1 1 Yes
1 1 0 0 1 1 1 Yes
0 1 1 0 0 1 1 Yes
1 0 1 0 1 1 1 Yes
0 0 0 0 1 1 1 Yes
1 0 0 1 1 1 1 Yes
0 0 0 1 1 1 1 Yes
1 0 1 0 1 1 1 Yes
1 1 0 0 0 0 1 Yes
0 1 1 0 1 1 1 Yes
1 1 1 1 0 1 1 Yes
1 0 0 1 1 1 1 Yes
0 0 0 0 1 1 1 Yes
1 0 0 0 0 1 1 Yes
0 0 0 1 1 1 1 Yes
1 0 0 0 1 1 1 Yes
1 1 0 1 1 1 1 Yes
1 1 0 1 1 1 1 Yes
1 0 0 1 0 1 1 Yes
0 0 1 1 1 1 1 Yes
0 1 1 1 1 1 1 Yes
0 1 0 0 1 0 1 Yes
1 1 1 1 1 1 1 Yes
1 0 0 0 0 1 1 Yes
1 0 1 0 1 1 1 Yes
1 0 1 0 1 1 1 Yes
1 1 1 1 1 1 1 Yes
0 1 0 1 1 1 1 Yes
1 0 0 0 0 1 1 Yes
1 0 1 0 1 1 1 Yes
0 0 0 1 1 1 1 Yes
0 1 1 0 0 0 1 Yes
1 0 0 0 1 1 1 Yes
1 0 1 1 1 1 1 Yes
0 1 1 0 1 0 1 Yes
1 0 0 0 1 1 1 Yes
0 0 0 1 1 1 1 Yes
1 1 1 0 1 1 1 Yes
1 1 0 1 0 1 1 Yes
1 0 0 1 1 0 1 Yes
0 1 1 0 1 1 1 Yes
0 1 1 1 1 1 1 Yes
1 0 0 1 1 0 1 Yes
1 0 1 1 1 1 1 Yes
0 0 0 0 0 1 1 Yes
1 0 0 1 0 1 1 Yes
1 1 1 0 0 0 1 Yes
0 1 1 0 1 1 1 Yes
1 0 0 0 1 1 1 Yes
0 1 0 0 0 1 1 Yes
0 0 1 1 0 1 1 Yes
1 0 1 0 1 1 1 Yes
1 1 1 1 1 1 1 Yes
1 1 1 1 1 1 1 Yes
0 0 1 0 1 1 1 Yes
0 0 1 0 1 1 1 Yes
0 0 1 0 1 1 1 Yes
1 0 1 0 1 1 1 Yes
1 1 0 0 0 0 1 Yes
1 1 0 0 1 1 1 Yes
0 1 0 0 0 1 1 Yes
1 0 1 0 1 1 1 Yes
1 1 0 0 1 1 1 Yes
1 1 0 1 1 1 1 Yes
1 0 0 1 1 1 1 Yes
0 0 0 0 1 1 1 Yes
1 0 0 1 1 1 1 Yes
1 0 0 1 1 1 1 Yes
1 0 1 0 1 1 1 Yes
0 0 0 1 1 1 1 Yes
0 1 1 1 1 1 1 Yes
1 0 0 0 0 1 1 Yes
1 1 0 0 1 1 1 Yes
0 1 0 1 1 1 1 Yes
1 0 0 0 0 1 1 Yes
0 0 1 0 0 1 1 Yes
0 1 1 1 1 1 1 Yes
0 0 0 0 0 1 1 Yes
1 1 0 1 0 1 1 Yes
1 1 1 1 1 1 1 Yes
0 0 1 0 0 1 1 Yes
0 1 0 1 1 1 1 Yes
1 1 0 0 1 1 1 Yes
1 0 1 0 1 1 1 Yes
1 0 0 1 1 1 1 Yes
1 0 1 0 0 1 1 Yes
1 0 1 1 1 1 1 Yes
1 0 0 0 1 1 1 Yes
1 0 0 0 1 1 1 Yes
0 0 0 0 0 1 1 Yes
0 0 1 0 1 1 1 Yes
0 1 0 1 0 1 1 Yes
1 0 1 0 0 1 1 Yes
1 0 0 1 1 1 1 Yes
1 1 0 0 1 0 1 Yes
0 0 1 1 1 1 1 Yes
1 0 0 0 1 1 1 Yes
1 1 1 0 0 1 1 Yes
0 0 1 0 0 1 1 Yes
1 1 0 0 1 1 1 Yes
1 0 1 1 1 1 1 Yes
0 0 1 0 1 1 1 Yes
1 1 1 1 1 1 1 Yes
1 0 0 0 1 1 1 Yes
0 1 0 0 1 0 1 Yes
1 1 0 0 0 1 1 Yes
0 0 1 1 1 1 1 Yes
1 0 0 1 1 1 1 Yes
1 0 0 1 1 1 1 Yes
1 1 0 0 1 1 1 Yes
0 0 0 0 0 0 1 Yes
1 0 0 0 1 1 1 Yes
1 1 0 0 1 1 1 Yes
1 1 1 0 0 1 1 Yes
1 0 1 0 0 0 1 Yes
0 0 1 0 0 1 1 Yes
0 0 1 1 1 1 1 Yes
1 1 0 1 1 1 1 Yes
1 1 1 1 1 1 1 Yes
1 0 1 0 1 1 1 Yes
1 0 1 1 1 1 1 Yes
0 1 1 1 1 0 1 Yes
1 0 1 0 0 1 1 Yes
1 1 0 0 0 1 1 Yes
0 0 0 1 1 1 1 Yes
0 1 1 1 1 1 1 Yes
1 0 0 1 1 1 1 Yes
1 1 0 0 1 1 1 Yes
0 0 0 1 0 1 1 Yes
1 0 0 1 1 1 1 Yes
0 0 1 0 0 1 1 Yes
1 0 0 0 1 1 1 Yes
0 0 0 1 0 1 1 Yes
1 0 0 1 0 1 1 Yes
1 0 1 0 1 1 1 Yes
1 0 1 0 1 1 1 Yes
0 1 1 0 0 1 1 Yes
1 1 1 1 1 1 1 Yes
1 0 1 0 0 1 1 Yes
0 1 1 0 1 1 1 Yes
0 1 0 0 1 1 1 Yes
1 1 0 1 0 1 1 Yes
1 0 1 1 1 1 1 Yes
0 0 1 1 1 1 1 Yes
0 1 1 1 0 1 1 Yes
1 0 0 1 1 1 1 Yes
0 0 1 0 1 1 1 Yes
1 0 0 1 1 1 1 Yes
0 0 0 1 1 1 1 Yes
1 0 1 1 0 1 1 Yes
0 1 0 0 1 1 1 Yes
1 1 1 1 1 1 1 Yes
1 0 1 1 1 0 1 Yes
1 0 0 1 1 1 1 Yes
0 0 1 0 0 1 1 Yes
0 0 1 0 1 1 1 Yes
1 0 0 0 1 1 1 Yes
0 1 1 0 0 0 1 Yes
0 0 0 1 1 1 1 Yes
0 1 0 1 0 1 1 Yes
1 1 1 1 1 1 1 Yes
1 0 1 0 1 1 1 Yes
0 1 1 1 1 1 1 Yes
1 0 0 0 0 1 1 Yes
0 0 0 0 1 1 1 Yes
1 0 1 1 1 0 1 Yes
0 0 1 0 1 1 1 Yes
1 0 1 1 1 1 1 Yes
1 1 1 0 1 1 1 Yes
1 1 1 1 0 0 1 Yes
0 1 1 0 0 1 1 Yes
1 0 1 1 0 1 1 Yes
1 0 0 1 1 1 1 Yes
0 0 1 1 1 1 1 Yes
1 0 0 0 1 1 1 Yes
1 1 1 0 1 1 1 Yes
1 1 0 1 1 1 1 Yes
1 0 0 0 1 1 1 Yes
1 0 0 0 1 1 1 Yes
0 0 0 1 0 1 1 Yes
1 1 0 0 0 1 1 Yes
0 0 0 1 0 1 1 Yes
1 0 1 0 1 1 1 Yes
0 0 1 1 1 1 1 Yes
1 1 1 1 0 1 1 Yes
0 1 0 1 0 1 1 Yes
1 0 1 0 0 0 1 Yes
1 1 1 1 1 1 1 Yes
1 0 1 1 1 1 1 Yes
1 0 1 1 0 1 1 Yes
1 0 0 0 0 1 1 Yes
1 0 0 0 1 1 1 Yes
1 0 1 0 0 1 1 Yes
1 0 1 1 1 1 1 Yes
1 0 0 1 1 1 1 Yes
1 0 0 0 0 1 1 Yes
1 1 1 0 1 1 1 Yes
0 1 1 0 1 1 1 Yes
1 0 0 0 1 1 1 Yes
0 1 0 0 0 1 1 Yes
1 0 0 0 1 1 1 Yes
0 1 1 0 0 1 1 Yes
1 1 1 0 1 1 1 Yes
0 0 1 1 1 1 1 Yes
0 0 1 1 1 1 1 Yes
1 1 1 0 0 1 1 Yes
1 1 1 0 0 1 1 Yes
0 0 1 0 1 1 1 Yes
1 1 0 1 1 1 1 Yes
0 1 0 0 1 1 1 Yes
1 0 1 0 1 1 1 Yes
1 0 1 1 1 1 1 Yes
1 0 0 1 1 1 1 Yes
0 0 1 1 0 1 1 Yes
1 0 0 0 1 1 1 Yes
1 1 1 1 1 1 1 Yes
1 0 0 0 1 1 1 Yes
0 1 0 1 1 1 1 Yes
1 0 1 0 0 1 1 Yes
1 1 0 1 0 1 1 Yes
0 1 0 0 1 0 1 Yes
1 1 1 1 1 1 1 Yes
0 0 0 0 1 1 1 Yes
0 1 1 0 1 1 1 Yes
1 1 1 1 0 1 1 Yes
0 0 1 0 0 1 1 Yes
0 1 0 0 0 1 1 Yes
1 1 0 0 0 1 1 Yes
1 0 1 1 1 1 1 Yes
1 1 1 0 1 1 1 Yes
1 0 0 1 1 1 1 Yes
0 0 1 1 1 1 1 Yes
1 0 0 1 0 1 1 Yes
0 1 0 0 0 1 1 Yes
0 0 1 1 1 1 1 Yes
1 0 1 0 1 1 1 Yes
0 0 0 0 1 1 1 Yes
1 1 0 0 1 1 1 Yes
0 1 0 0 1 1 1 Yes
1 0 1 0 0 1 1 Yes
0 0 0 1 1 1 1 Yes
1 1 1 0 0 1 1 Yes
0 0 1 0 1 1 1 Yes
0 0 1 0 1 1 1 Yes
1 1 0 1 1 1 1 Yes
1 1 1 1 1 1 1 Yes
1 1 1 1 1 0 1 Yes
0 1 1 0 0 1 1 Yes
0 0 1 1 0 1 1 Yes
1 0 0 0 1 0 1 Yes
0 0 0 1 0 0 1 Yes
1 0 1 0 1 1 1 Yes
1 0 1 0 1 1 1 Yes
0 1 1 1 1 0 1 Yes
1 1 0 1 1 1 1 Yes
0 0 0 0 0 1 1 Yes
0 1 0 0 1 1 0 Yes
0 0 1 1 0 1 0 Yes
1 0 1 1 1 1 0 Yes
0 0 1 0 1 1 0 Yes
0 1 1 0 0 0 0 Yes
0 0 1 0 1 0 0 Yes
1 0 1 0 1 1 0 Yes
0 1 1 1 1 1 0 Yes
0 0 1 1 1 1 0 Yes
1 1 1 1 1 1 0 Yes
1 1 0 1 1 1 0 Yes
1 1 0 0 1 1 0 Yes
0 0 0 1 1 1 0 Yes
0 0 0 1 1 1 0 Yes
1 0 1 1 0 1 0 Yes
0 0 1 1 1 0 0 Yes
1 1 1 1 0 1 0 Yes
1 1 0 0 1 1 0 Yes
0 1 1 0 1 1 0 Yes
0 1 0 1 1 1 0 Yes
1 0 1 0 1 1 0 Yes
0 0 1 0 1 1 0 Yes
1 1 0 1 1 1 0 Yes
1 0 1 0 0 1 0 Yes
0 1 0 0 1 1 0 Yes
1 0 0 1 1 1 0 Yes
1 1 0 0 0 1 0 Yes
1 0 0 0 0 1 0 Yes
0 0 0 1 1 1 0 Yes
0 0 1 1 1 1 0 Yes
0 0 0 1 1 1 0 Yes
0 0 0 1 1 1 0 Yes
1 0 0 1 0 1 0 Yes
0 1 1 1 1 1 0 Yes
0 0 1 0 0 1 0 Yes
1 0 1 1 0 1 0 Yes
0 0 0 1 1 1 0 Yes
0 1 0 0 1 1 0 Yes
1 1 1 0 0 1 0 Yes
1 1 1 1 0 1 0 Yes
1 1 0 1 0 1 0 Yes
1 1 1 0 1 1 0 Yes
0 1 1 1 1 1 0 Yes
0 0 1 0 1 1 0 Yes
1 1 1 0 1 1 0 Yes
1 0 1 0 1 1 0 Yes
1 0 0 0 0 1 0 Yes
1 1 1 0 1 1 0 Yes
1 1 1 0 0 1 0 Yes
0 0 0 0 1 0 0 Yes
0 0 0 1 1 1 0 Yes
1 1 1 0 1 1 0 Yes
1 0 0 1 1 1 0 Yes
1 0 1 0 1 1 0 Yes
0 1 1 0 1 1 0 Yes
1 1 0 1 1 1 0 Yes
0 0 0 1 0 1 0 Yes
1 0 0 0 1 1 0 Yes
0 1 1 0 1 1 0 Yes
0 0 0 1 0 1 0 Yes
1 0 1 0 1 1 0 Yes
0 1 1 1 1 1 0 Yes
0 1 1 1 1 1 0 Yes
1 0 0 1 0 1 0 Yes
1 1 1 1 1 1 0 Yes
0 0 1 0 1 1 0 Yes
1 0 0 1 1 1 0 Yes
1 1 0 0 0 1 0 Yes
1 0 1 0 1 1 0 Yes
1 0 0 0 1 1 0 Yes
1 0 0 0 0 1 0 Yes
1 0 0 0 1 1 0 Yes
0 1 0 1 1 0 0 Yes
0 0 1 0 1 1 0 Yes
1 1 1 0 0 1 0 Yes
1 0 1 0 1 1 0 Yes
1 0 1 0 1 1 0 Yes
1 1 0 0 0 1 0 Yes
0 0 1 1 1 1 0 Yes
1 0 1 0 1 1 0 Yes
1 1 1 1 1 0 0 Yes
1 0 0 0 1 1 0 Yes
1 0 1 0 1 1 0 Yes
1 0 1 1 0 1 0 Yes
1 0 1 1 1 1 0 Yes
1 1 1 0 1 1 0 Yes
0 0 1 0 0 1 0 Yes
1 1 1 0 1 1 0 Yes
1 0 0 0 1 1 0 Yes
0 1 1 0 1 1 0 Yes
0 0 1 1 0 1 0 Yes
0 1 0 1 1 1 0 Yes
1 0 0 0 1 1 0 Yes
0 1 0 0 0 1 0 Yes
1 1 1 0 0 1 0 Yes
0 1 0 1 1 0 0 Yes
1 1 0 0 1 1 0 Yes
1 0 1 1 0 0 0 Yes
0 0 0 0 1 0 0 Yes
1 0 0 1 1 0 0 Yes
0 0 0 0 1 1 0 Yes
0 0 0 0 0 1 0 Yes
1 1 0 1 1 1 0 Yes
1 0 1 0 0 1 0 Yes
1 0 0 0 0 1 0 Yes
1 1 1 0 1 1 0 Yes
1 0 0 0 1 1 0 Yes
0 0 0 1 1 1 0 Yes
0 0 0 0 0 1 0 Yes
1 0 0 1 0 1 0 Yes
1 1 0 1 0 1 0 Yes
1 0 0 0 0 1 0 Yes
0 0 0 1 1 1 0 Yes
0 1 1 0 1 1 0 Yes
1 0 1 1 1 0 0 Yes
0 1 1 1 1 1 0 Yes
0 0 0 1 1 1 0 Yes
1 1 1 1 1 1 0 Yes
1 0 0 1 0 1 0 Yes
1 1 0 1 1 1 0 Yes
1 1 1 1 0 1 0 Yes
1 1 0 0 0 1 0 Yes
0 0 0 0 1 1 0 Yes
1 0 1 1 1 0 0 Yes
0 1 1 1 1 1 0 Yes
0 1 0 1 1 1 0 Yes
1 0 0 1 1 1 0 Yes
0 0 1 1 1 1 0 Yes
1 1 0 0 1 1 0 Yes
0 0 1 1 1 1 0 Yes
0 0 0 1 0 1 0 Yes
1 1 0 1 0 1 0 Yes
1 0 1 1 1 1 0 Yes
0 0 1 1 1 0 0 Yes
1 0 1 0 0 1 0 Yes
0 0 0 1 0 1 0 Yes
0 0 0 1 1 1 0 Yes
0 1 0 1 0 1 0 Yes
0 0 0 1 1 1 0 Yes
0 1 1 1 0 1 0 Yes
0 1 1 1 1 0 0 Yes
1 1 1 0 1 1 0 Yes
1 0 0 1 1 1 0 Yes
1 0 1 0 1 1 0 Yes
1 1 1 1 1 1 0 Yes
1 1 0 0 0 1 0 Yes
0 1 0 1 1 1 0 Yes
0 0 1 1 0 1 0 Yes
1 0 0 0 1 1 0 Yes
1 0 1 0 1 1 0 Yes
0 0 1 0 1 1 0 Yes
0 1 0 0 0 1 0 Yes
1 1 1 1 0 1 0 Yes
1 1 1 1 1 1 0 Yes
1 0 0 1 1 1 0 Yes
1 0 1 0 1 1 0 Yes
1 1 0 1 0 1 0 Yes
0 1 1 0 0 1 0 Yes
1 0 0 0 0 1 0 Yes
0 0 0 1 1 1 0 Yes
1 0 1 1 0 1 0 Yes
1 0 1 0 0 1 0 Yes
0 1 1 1 0 1 0 Yes
1 1 0 0 1 1 0 Yes
1 1 0 0 0 1 0 Yes
0 1 0 1 1 1 0 Yes
1 0 0 0 1 1 0 Yes
0 0 1 0 0 1 0 Yes
0 0 1 0 0 1 0 Yes
0 1 0 0 1 1 0 Yes
1 0 0 1 0 1 0 Yes
0 1 0 1 1 1 0 Yes
1 0 0 0 1 1 0 Yes
1 1 0 0 1 1 0 Yes
0 0 0 0 1 1 0 Yes
1 0 0 1 1 1 0 Yes
1 0 0 0 1 1 0 Yes
0 1 0 0 1 1 0 Yes
0 1 1 1 1 1 0 Yes
0 1 0 1 1 1 0 Yes
1 1 1 1 1 1 0 Yes
0 0 1 0 1 1 0 Yes
1 1 1 0 1 1 0 Yes
1 0 0 0 1 1 0 Yes
1 1 0 1 1 0 0 Yes
0 1 1 1 1 1 0 Yes
1 1 1 1 1 1 0 Yes
0 0 0 1 1 1 0 Yes
0 0 0 0 0 0 0 Yes
0 1 1 0 0 1 0 Yes
0 1 1 1 1 0 0 Yes
1 1 0 0 0 1 0 Yes
0 0 1 0 1 1 0 Yes
1 0 0 1 1 1 0 Yes
0 1 0 0 1 1 0 Yes
0 0 0 0 1 1 0 Yes
0 1 1 0 1 1 0 Yes
1 0 1 0 1 1 0 Yes
1 0 1 0 0 1 0 Yes
1 0 0 0 1 1 0 Yes
0 0 1 1 1 1 0 Yes
1 1 1 1 1 1 0 Yes
0 1 1 1 0 0 0 Yes
0 1 1 0 1 1 0 Yes
0 0 1 0 1 1 0 Yes
1 0 0 0 1 1 0 Yes
0 1 1 0 1 1 0 Yes
0 0 0 0 0 1 0 Yes
1 0 0 0 1 1 0 Yes
0 0 0 0 1 1 0 Yes
0 1 0 0 1 1 0 Yes
0 1 0 1 0 1 0 Yes
0 1 1 0 1 1 0 Yes
0 1 1 0 1 1 0 Yes
0 0 0 1 0 1 0 Yes
1 1 1 0 0 1 0 Yes
1 1 1 0 1 1 0 Yes
1 1 0 0 1 1 0 Yes
1 0 0 0 1 1 0 Yes
0 1 1 1 1 1 0 Yes
1 1 1 1 0 1 0 Yes
1 1 1 0 1 1 0 Yes
1 0 1 1 0 1 0 Yes
1 0 1 0 1 1 0 Yes
1 0 1 0 0 1 0 Yes
1 0 1 0 1 1 0 Yes
0 0 1 0 0 1 0 Yes
1 1 1 0 0 1 0 Yes
1 0 0 1 1 1 0 Yes
0 0 0 0 0 1 0 Yes
1 1 0 0 0 1 0 Yes
1 0 0 0 1 1 0 Yes
1 0 1 0 1 1 0 Yes
0 1 0 1 0 1 0 Yes
0 1 0 1 1 1 0 Yes
1 1 0 0 1 1 0 Yes
0 0 1 0 0 0 0 Yes
1 0 0 1 1 1 0 Yes
1 0 0 1 1 1 0 Yes
0 0 0 1 1 1 0 Yes
1 1 0 1 0 1 0 Yes
1 0 1 0 1 1 0 Yes
1 0 1 1 1 1 0 Yes
0 1 0 1 1 1 0 Yes
1 0 1 1 0 1 0 Yes
1 0 1 1 1 1 0 Yes
0 0 1 1 1 1 0 Yes
0 1 0 0 1 1 0 Yes
0 1 1 0 0 1 0 Yes
1 1 1 1 1 1 0 Yes
1 1 1 1 1 1 0 Yes
1 0 0 1 1 1 0 Yes
1 0 1 1 0 0 0 Yes
1 0 1 0 1 0 0 Yes
1 0 1 1 1 1 0 Yes
1 0 1 0 0 1 0 Yes
0 0 1 0 1 1 0 Yes
0 0 1 0 1 1 0 Yes
0 1 1 0 1 1 0 Yes
0 1 0 0 1 1 0 Yes
1 1 0 1 1 1 0 Yes
0 1 1 0 1 1 0 Yes
0 0 0 1 1 1 0 Yes
1 0 0 0 1 0 0 Yes
1 0 1 1 0 1 0 Yes
0 0 0 1 1 1 0 Yes
1 0 0 0 0 1 0 Yes
1 0 0 1 0 1 0 Yes
1 0 0 0 1 1 0 Yes
1 1 0 0 0 1 0 Yes
1 1 0 0 0 1 0 Yes
1 1 0 0 1 1 0 Yes
0 0 0 0 0 1 0 Yes
0 1 0 1 0 0 0 Yes
1 0 0 1 1 0 0 Yes
1 0 1 1 0 1 0 Yes
1 0 1 1 1 1 0 Yes
1 1 1 0 1 1 0 Yes
1 0 1 0 0 1 0 Yes
1 0 0 1 1 1 0 Yes
1 0 1 0 1 1 0 Yes
0 1 0 0 1 1 0 Yes
0 0 0 0 1 1 0 Yes
0 1 1 0 0 1 0 Yes
1 1 0 0 0 1 0 Yes
0 0 0 0 0 1 0 Yes
1 1 1 0 1 1 0 Yes
1 1 1 0 1 1 0 Yes
1 1 0 1 1 1 0 Yes
1 1 0 1 1 0 0 Yes
0 0 1 1 0 1 0 Yes
1 0 0 0 0 1 0 Yes
0 0 0 1 1 1 0 Yes
0 1 1 0 1 1 0 Yes
0 1 1 1 1 1 0 Yes
0 1 0 0 1 1 0 Yes
1 0 0 0 1 1 0 Yes
1 0 1 0 0 1 0 Yes
1 1 1 1 1 1 0 Yes
1 0 0 1 1 1 0 Yes
1 0 0 0 1 1 0 Yes
1 1 1 1 1 1 0 Yes
0 1 1 0 1 1 0 Yes
0 1 0 1 0 0 0 Yes
1 0 0 0 1 1 0 Yes
1 1 0 0 1 1 0 Yes
1 1 1 1 0 1 0 Yes
1 0 1 1 1 1 0 Yes
1 0 0 1 1 1 0 Yes
1 1 0 0 1 0 0 Yes
1 1 0 1 1 1 0 Yes
1 0 0 1 1 1 0 Yes
1 1 1 0 1 1 0 Yes
1 0 1 0 1 1 0 Yes
1 1 1 1 1 1 0 Yes
1 0 1 1 0 1 0 Yes
1 0 0 1 1 1 0 Yes
0 1 1 0 0 1 0 Yes
0 0 0 1 1 1 0 Yes
1 0 1 0 0 1 0 Yes
0 0 1 0 1 1 0 Yes
1 1 1 0 1 1 0 Yes
1 0 1 1 1 1 0 Yes
1 0 0 1 1 1 0 Yes
1 1 1 0 1 1 0 Yes
0 0 0 1 1 1 0 Yes
1 1 0 1 0 1 0 Yes
1 0 1 0 1 1 0 Yes
0 1 1 0 1 1 0 Yes
0 0 0 1 1 1 0 Yes
1 1 1 0 1 1 0 Yes
0 1 1 0 0 1 0 Yes
0 0 1 0 1 1 0 Yes
1 1 0 1 1 1 0 Yes
0 0 0 0 1 1 0 Yes
1 1 0 1 1 1 0 Yes
0 1 0 0 1 1 0 Yes
1 0 0 0 1 1 0 Yes
0 1 0 1 0 0 0 Yes
0 1 0 0 1 1 0 Yes
1 1 0 0 0 1 0 Yes
0 0 0 0 0 1 0 Yes
1 1 1 1 1 1 0 Yes
0 0 0 1 1 1 0 Yes
0 0 0 0 0 0 0 Yes
1 1 0 0 1 1 0 Yes
1 0 1 1 1 1 0 Yes
1 0 1 0 0 1 0 Yes
0 1 0 0 1 1 0 Yes
0 1 0 0 1 1 0 Yes
0 1 1 1 1 1 0 Yes
0 1 1 0 0 1 0 Yes
1 1 0 1 1 1 0 Yes
1 0 1 1 1 1 0 Yes
1 0 1 1 1 1 0 Yes
0 1 0 0 1 1 0 Yes
1 0 1 0 1 1 0 Yes
0 0 0 0 1 1 0 Yes
0 0 1 0 1 1 0 Yes
0 1 1 0 1 1 0 Yes
0 0 1 0 1 1 0 Yes
1 0 0 1 1 1 0 Yes
1 1 0 0 1 1 0 Yes
1 1 0 0 1 1 0 Yes
1 0 1 0 1 1 0 Yes
0 0 0 0 1 1 0 Yes
1 1 0 0 1 1 0 Yes
1 1 1 0 0 1 0 Yes
1 1 0 1 1 1 0 Yes
1 0 0 1 0 1 0 Yes
0 1 0 0 1 1 0 Yes
1 0 0 1 1 1 0 Yes
1 1 1 0 1 1 0 Yes
1 1 0 1 1 1 0 Yes
1 0 0 1 1 1 0 Yes
1 0 0 0 1 1 0 Yes
1 1 1 0 1 1 0 Yes
1 1 1 1 1 1 0 Yes
0 0 1 0 0 1 0 Yes
1 0 0 1 1 1 0 Yes
1 1 1 0 1 1 0 Yes
1 1 0 0 1 1 0 Yes
1 1 1 1 0 1 0 Yes
0 1 1 1 0 1 0 Yes
1 1 0 0 1 1 0 Yes
1 1 1 1 1 1 0 Yes
1 1 1 1 1 1 0 Yes
1 1 1 0 0 1 0 Yes
0 0 1 0 1 1 0 Yes
1 1 0 0 0 1 0 Yes
0 1 0 0 0 1 0 Yes
1 0 0 1 1 1 0 Yes
0 0 1 0 1 1 0 Yes
1 0 1 1 1 1 0 Yes
1 0 1 0 1 0 0 Yes
0 1 1 1 0 1 0 Yes
0 0 1 1 1 1 0 Yes
1 1 1 0 1 1 0 Yes
0 0 1 1 1 1 0 Yes
0 0 0 0 1 1 0 Yes
1 0 0 1 1 1 0 Yes
0 0 0 0 1 1 0 Yes
0 1 1 0 1 1 0 Yes
1 0 0 1 1 1 0 Yes
0 1 1 1 0 1 0 Yes
1 1 0 0 1 1 0 Yes
1 0 1 1 0 1 0 Yes
1 1 0 0 0 0 0 Yes
0 0 0 0 0 1 0 Yes
0 0 1 1 0 1 0 Yes
1 0 1 0 1 1 0 Yes
0 0 1 0 1 1 0 Yes
1 0 1 0 1 1 0 Yes
0 0 0 0 1 1 0 Yes
1 0 0 0 0 1 0 Yes
1 0 0 0 1 1 0 Yes
1 1 0 1 0 1 0 Yes
1 1 0 0 0 1 0 Yes
0 1 1 0 0 1 0 Yes
1 0 1 0 1 1 0 Yes
0 0 1 0 1 1 0 Yes
0 1 0 1 0 1 0 Yes
0 0 1 1 0 1 0 Yes
0 0 1 0 1 1 0 Yes
0 0 1 1 0 1 0 Yes
0 1 1 1 1 1 0 Yes
1 1 0 1 1 1 0 Yes
1 1 1 1 0 1 0 Yes
0 1 1 0 1 1 0 Yes
1 0 0 0 1 0 0 Yes
1 1 1 0 0 1 0 Yes
1 1 1 1 1 1 0 Yes
1 0 1 1 0 1 0 Yes
1 1 1 1 1 1 0 Yes
0 0 1 0 1 1 0 Yes
1 0 1 0 0 1 0 Yes
1 0 0 0 1 0 0 Yes
1 0 0 1 1 1 0 Yes
0 0 0 0 1 0 0 Yes
1 1 0 0 1 1 0 Yes
1 1 0 0 1 1 0 Yes
1 0 0 0 0 1 0 Yes
1 1 0 1 0 1 0 Yes
0 0 0 0 1 1 0 Yes
0 0 1 0 0 0 0 Yes
0 1 1 0 1 1 0 Yes
1 1 1 1 1 1 0 Yes
1 1 1 1 1 1 0 Yes
0 0 1 1 1 1 0 Yes
1 0 1 1 1 1 0 Yes
1 1 1 1 1 1 0 Yes
1 1 1 1 1 1 0 Yes
1 0 1 0 1 1 0 Yes
1 1 1 1 0 1 0 Yes
0 0 1 1 0 0 0 Yes
0 0 0 1 1 1 0 Yes
1 0 0 1 1 1 0 Yes
0 0 0 0 0 1 0 Yes
0 1 0 0 0 1 0 Yes
1 1 0 0 1 1 0 Yes
0 0 0 1 1 1 0 Yes
1 1 1 0 0 1 0 Yes
1 0 1 0 0 1 0 Yes
0 0 1 0 1 1 0 Yes
1 0 1 1 1 1 0 Yes
1 0 1 1 1 1 0 Yes
1 1 1 1 1 1 0 Yes
0 1 0 0 0 1 0 Yes
0 0 0 0 1 1 0 Yes
1 0 1 0 1 1 0 Yes
0 1 1 0 1 0 0 Yes
1 0 1 0 1 1 0 Yes
0 0 0 0 1 1 0 Yes
1 1 1 1 1 1 0 Yes
1 0 1 0 1 1 0 Yes
1 0 0 1 1 1 0 Yes
1 0 0 1 1 1 0 Yes
1 0 1 0 1 1 0 Yes
1 0 1 1 1 1 0 Yes
1 0 0 0 1 1 0 Yes
0 1 1 1 1 1 0 Yes
1 0 1 0 1 1 0 Yes
1 0 1 0 0 1 0 Yes
1 1 0 0 0 1 0 Yes
1 1 0 0 0 1 0 Yes
0 0 0 0 1 1 0 Yes
0 0 0 0 1 1 0 Yes
0 1 0 1 0 1 0 Yes
1 1 1 1 1 1 0 Yes
1 0 0 1 1 1 0 Yes
1 1 0 0 1 0 0 Yes
1 1 1 0 0 1 0 Yes
0 0 1 0 1 1 0 Yes
0 1 1 0 1 1 0 Yes
1 0 1 0 1 1 0 Yes
0 0 0 1 1 1 0 Yes
0 0 1 0 0 1 0 Yes
1 1 0 1 1 1 0 Yes
1 1 1 0 1 1 0 Yes
1 1 1 1 0 1 0 Yes
1 1 1 0 1 1 0 Yes
1 1 0 0 0 1 0 Yes
0 0 1 1 0 1 0 Yes
1 1 0 1 0 1 0 Yes
1 0 1 0 1 1 0 Yes
1 0 0 0 1 1 0 Yes
1 0 1 0 1 1 0 Yes
1 0 1 1 0 0 0 Yes
1 1 1 0 1 1 0 Yes
1 0 1 0 1 1 0 Yes
0 0 1 1 1 1 0 Yes
1 0 0 0 1 1 0 Yes
0 1 1 0 1 1 0 Yes
1 0 0 1 1 1 0 Yes
0 0 1 1 1 1 0 Yes
1 1 0 1 0 1 0 Yes
1 1 0 0 1 1 0 Yes
1 1 1 0 0 1 0 Yes
1 0 0 1 0 1 0 Yes
0 1 1 0 0 1 0 Yes
1 0 0 1 1 1 0 Yes
1 0 0 0 1 1 0 Yes
0 0 1 1 0 1 0 Yes
1 1 0 1 1 1 0 Yes
0 0 1 1 1 1 0 Yes
1 0 1 0 1 1 0 Yes
0 0 0 1 0 1 0 Yes
1 0 1 0 1 1 0 Yes
0 1 1 0 1 1 0 Yes
1 0 0 0 0 1 0 Yes
0 0 0 0 1 1 0 Yes
1 1 1 0 0 1 0 Yes
0 0 1 1 0 1 0 Yes
0 0 1 1 0 1 0 Yes
1 1 1 1 1 1 0 Yes
0 0 1 0 0 1 0 Yes
0 0 1 1 0 1 0 Yes
0 1 0 0 1 1 0 Yes
1 0 1 0 0 1 0 Yes
1 0 0 0 0 1 0 Yes
1 1 0 1 0 1 0 Yes
0 0 1 1 1 1 0 Yes
1 0 1 1 1 1 0 Yes
1 1 0 1 0 1 0 Yes
1 0 1 1 1 1 0 Yes
1 0 0 0 0 1 0 Yes
0 0 1 0 1 1 0 Yes
1 0 0 0 0 1 0 Yes
0 0 0 1 0 0 0 Yes
1 0 1 0 1 1 0 Yes
1 1 1 1 0 1 0 Yes
1 0 1 0 1 1 0 Yes
1 0 0 0 0 1 0 Yes
1 0 1 0 1 1 0 Yes
0 0 0 1 0 1 0 Yes
1 1 1 0 1 1 0 Yes
1 0 1 0 1 1 0 Yes
1 0 1 0 0 1 0 Yes
0 1 0 0 1 1 0 Yes
0 0 1 1 0 1 0 Yes
1 0 1 1 1 1 0 Yes
0 1 0 0 1 1 0 Yes
1 0 1 0 1 1 0 Yes
0 1 0 0 1 0 0 Yes
1 1 0 0 1 1 0 Yes
0 1 0 1 1 1 0 Yes
1 1 0 0 0 1 0 Yes
1 0 0 0 1 0 0 Yes
1 1 0 0 1 1 0 Yes
1 0 1 1 0 1 0 Yes
1 0 1 0 0 1 0 Yes
0 0 1 0 0 1 0 Yes
0 0 0 0 1 1 0 Yes
1 0 1 0 1 1 0 Yes
1 1 0 0 0 1 0 Yes
1 1 1 1 1 1 0 Yes
1 0 1 1 1 1 0 Yes
1 0 0 1 1 1 0 Yes
0 0 0 0 1 1 0 Yes
1 1 0 0 0 1 0 Yes
0 0 1 0 1 1 0 Yes
1 0 0 1 1 1 0 Yes
1 0 1 0 0 1 0 Yes
0 0 1 0 0 1 0 Yes
1 1 1 1 1 1 0 Yes
1 1 0 0 0 1 0 Yes
1 1 1 1 1 1 0 Yes
1 1 0 1 0 1 0 Yes
0 0 0 0 1 1 0 Yes
1 0 0 0 1 1 0 Yes
1 1 1 1 1 1 0 Yes
0 1 0 0 1 1 0 Yes
1 0 0 0 1 1 0 Yes
1 0 1 1 0 1 0 Yes
1 0 1 1 1 1 0 Yes
1 0 0 0 1 1 0 Yes
1 1 0 1 0 1 0 Yes
1 1 1 0 1 1 0 Yes
0 0 0 1 1 0 0 Yes
1 0 0 0 1 1 0 Yes
