10056.6188876867
9669.22828726969
9827.52268791291
9649.39392914832
9821.98184424113
9870.01406350442
10082.0537216546
9780.68083127214
9863.2177008873
9813.31348143801
10137.0946406867
9699.13390376336
10145.8535562131
10142.1077243758
10117.5032215458
9812.37021743392
9920.56385677775
10052.1800692885
10211.7756991769
10284.3425870533
10491.2602207212
10005.872199601
9977.98264893851
9901.1885139758
9825.30178279697
10068.9601137422
10426.9559747158
9804.04224282201
9968.29516263815
9994.72295626082
9667.75264402264
9949.15491550468
10229.3038452833
9629.93482613693
9585.4459377519
10428.5877288391
10129.2702800678
9800.18241048802
10044.889362208
10109.0470435964
9842.15891912389
9946.84931208617
9953.52587809659
9741.49652748775
9700.6588245684
9686.0735170098
10242.1672555449
10150.8122654722
9547.77139775113
10216.4322011041
9838.45489325954
9683.06846464121
9923.01814170218
9905.96625117854
9972.69911394588
10081.6722833287
9951.03955873256
10041.1514846365
10034.3985333381
10178.7829913616
9856.26216553867
10217.6737439724
10122.8771521962
9799.7756846855
10149.3382760137
10466.4688498075
10166.4162320401
10119.8463741549
9796.77976960607
9853.45696792102
10310.1199511505
9887.0158932431
10145.6291979384
10219.3409896812
10178.50969445
10132.7615666242
10035.3208217971
10150.3788786269
9999.84270770097
10313.1566798152
10060.8760288584
9823.78035950095
9966.77191444414
10254.3520152644
10081.815223248
9867.74956143131
10300.0379669798
10146.1144197135
9815.96877106463
9465.31447881308
10022.916368924
9971.37595576635
9977.55949843982
10120.3557273647
9711.18191433154
9751.07524082062
9992.55761745142
9787.13357169268
9844.86503475643
10063.4802094925
10348.8546670239
9834.01686417353
10076.9504577537
9685.01978768307
10317.8425199737
9680.1794568053
10170.8700263436
9846.70521162626
9890.26970195538
10005.6666853261
10021.313029205
9593.75855981968
9933.02176705023
10282.7429117925
9613.35131347623
10272.8063445573
9768.74317921715
10269.0455862442
9861.95531209219
10321.5113922949
10186.0778736206
9624.09085178813
10012.3853832297
9531.11852270102
10094.7475739347
9819.02350391427
9867.32852870794
10139.6241186186
10057.6353587612
9800.43187213402
10019.9524257215
10141.856233991
10273.0949191855
10171.0708322807
10108.0906839128
9866.60951625684
9902.34885153264
10123.2100926596
9982.9444137715
10022.1658424472
10111.0670982348
10166.2719733513
10266.9593733583
10094.738559716
9691.80838715401
10055.9584786511
10243.7804605693
9870.27168957637
10011.7310237967
10205.9741685953
9762.06488873045
9947.56965833744
10335.7298926583
9907.94673224433
10190.2941639846
10223.6062151673
9621.2284426916
9913.15110813677
10231.6526182489
9481.03715059619
10195.1637026939
9987.17643683166
10198.2960150455
10112.7970092767
9877.63229101226
9964.95509779562
10107.5146294436
10319.4290429143
10044.9548318303
9918.98016505768
9939.0575801857
9942.98484119304
9892.37427416015
9808.40412121188
10224.9813515272
10483.7906151633
10007.7147027617
10218.8831455807
10175.2208720461
9839.07563315833
10060.6825099087
9888.48833972252
10199.1497538025
10123.5656730364
9889.22023188936
10199.7206782738
9768.53967778549
10162.2129587236
9871.57275969768
10068.5621128127
10037.1243952963
10173.1834416025
9938.02941458362
9954.99942659547
10068.0182147019
10160.8056491113
10247.918505815
10194.0826381596
10160.4163839271
10105.9943267033
10037.6819881276
9971.50540218358
9993.44842266968
9800.17846750889
9846.71806948371
10223.2796796536
9877.3786713737
10136.746486257
10420.4437958714
10342.2475519574
10053.0660982558
9899.47872970174
9929.74877600656
9716.75299937323
10043.8192307931
10022.5124586544
9852.17471433771
9968.2355849441
9842.65267023412
9871.5269663469
10258.3106444568
10419.7457743927
10143.9114643973
9980.08204826862
10032.9920824972
9855.13423548213
9794.03417645315
10075.8883564318
10461.1252344071
10290.1444381441
10149.1730676851
10236.5702757118
9850.83771303565
10251.3641169724
10007.8206281687
9870.38523934488
10281.9630300553
9817.66582582434
10070.4660150435
10091.2850390364
10208.7847746011
9662.10691898901
9880.50898789295
9927.51701852425
10064.2842899905
9916.34586487695
10366.1575197843
9781.2204512438
10129.0114680249
9943.63032441636
10075.7216776828
10168.5397770787
9947.31863493004
9956.53550852302
10003.3432936742
9901.08654652456
9807.99606736463
10150.5079411528
9802.92601831524
9819.79417687591
9811.36833852327
10223.5931092737
10282.4324453382
9942.91700709144
9964.14999656771
9817.71828599757
9951.98468142922
9867.8664671346
9998.15350891372
10160.4462176545
10132.413505061
10218.611851293
10097.464194497
9733.30038735626
10045.8642981396
9914.41384810106
9912.41454342731
9743.32298138147
10162.1003117677
9983.72437773898
9984.99914916722
9951.71996029425
10284.8638962694
10179.1690382156
9880.3399935866
10265.5708323935
9712.96447884302
9978.62630449571
9898.42331875215
10127.5071099632
10182.538836083
9739.90073220149
10216.3953642202
10137.0080083728
10004.7093863376
10061.6376330358
10076.2888768084
10145.5043286658
10338.0799196631
10075.9742922242
10975.4202776805
11979.6558892268
12358.2397162495
10316.0317440081
10583.9526695309
11700.840834913
15233.1983906164
13562.420368913
8694.75870051756
7838.7037327881
10719.5438369827
11699.1599184083
9032.31162520274
8254.09587147127
8216.64427116009
13194.0802277901
8000.57163997316
12018.8131272299
11496.1654201741
10410.5373400143
8481.82202211941
6347.06399557949
10989.1094971656
11673.1743403929
9456.50747831541
10401.0639236495
10069.8475619995
6298.06976566564
11492.169441726
11449.7297991783
10253.2505888111
11570.4529553613
11515.2086637855
12203.548375415
9565.68144750719
7504.48296130638
8306.45663606945
5741.12694772081
10804.4069277937
9529.37958890549
11921.4716646307
9578.26881960283
6113.463320229
10455.3842981996
9327.9879724831
8768.25493840032
9432.80283329566
7295.00200395823
11074.3350363085
9635.01198718551
9692.17341540581
7282.26203406107
9511.58248110243
11904.9018550689
13646.4181525315
10298.6827228087
8593.05444621073
9827.1333457499
10622.6849379388
11560.1363507811
11208.2842932107
8495.11723331581
11671.4793214721
10884.062319633
11729.993958095
7449.15738777841
10644.8115716074
9216.88457164929
7979.30112912094
5731.09634430736
8944.4482697613
11177.665848834
10907.2322134178
7814.5506142458
8090.07211838039
9900.09387486461
10436.8673223962
11597.7337849606
10422.2712887758
7927.15347274186
10030.2088192228
9935.33191326891
9763.51624787917
9049.31361385205
14414.7814030486
5995.79641776037
11322.0080345089
11684.1937581292
7800.29791520363
10407.4547154857
9870.0087442052
9322.33140951651
11270.1944922772
10137.0676172168
5041.45238098787
10898.007722464
11855.8572327291
8924.91942524576
9062.69843413408
8824.43083766088
9429.66765598686
7606.62993870254
10603.6213448239
10959.3946006304
8546.73968820031
6732.74328457745
8466.66366378879
8618.34203821128
10699.2749253531
9217.18647858084
9178.88352812423
10828.548533257
9637.5106971604
8423.48855463996
10451.9030063029
9036.24867791826
11831.969209576
11429.092965988
10826.1339395097
5982.99847131518
11803.0493487407
11523.9369451925
6611.05346259047
7830.47674546563
11306.8305138024
8294.26665519283
13074.9591944076
10521.4111795673
11010.2732030438
12843.8304313398
8202.42580536301
8716.2734931772
8702.9701096571
5426.82437940405
7706.10446592173
10298.4483361398
8553.50430836175
12420.5164212028
11378.6348289881
10192.77141366
9725.90271265306
8568.83570473232
10165.2935542763
7864.1918892033
13632.181317172
11076.5211791622
8257.84464203861
9480.56502775374
10534.5527733203
9202.4237250678
12234.551077154
10681.8025253018
12532.5723335712
9535.73517921003
12172.012239196
8693.3902576546
11660.8097880688
13128.8620091161
4578.79242104738
9544.42098826535
8707.48082330244
10478.2205669315
8916.27370440154
10490.9730055127
11563.8406872217
9935.29314912625
8202.85182505982
8140.53448082069
9827.00268361564
12101.6150822281
8162.75407575495
8587.24343758041
10799.8105443664
9031.70367386748
11273.8038564025
12264.0655163634
9290.1793894098
7807.0654799604
12622.8570986783
11956.888601387
8640.95356239985
4358.92985814207
8575.44275418216
7271.99471582924
9732.08495959679
11365.4745591972
9216.5088653769
7278.75591475843
10362.5933742124
12737.0148628301
10716.2401735575
6923.11736111208
8538.14139520652
10083.9161153682
7236.96305104163
9394.56080303629
9342.68830289704
8121.21731378074
8976.14338231546
12761.2954828595
13637.74154873
11152.2948830778
12259.7428135676
8485.8229652111
11031.3217672029
12000.0181449899
10016.3416528889
10697.9760407375
15332.0761365767
15182.7398294076
11979.1171422609
9926.44517310854
12090.9373511912
13266.1936506235
8240.75028395691
13112.2473177579
10838.1495043958
14203.6150029273
7843.0815810605
7769.97529534223
11054.9678748702
11316.3183410144
8071.13257518607
8794.72600283715
8683.05677099207
6854.71216371106
8539.17996393552
10978.9272519078
6953.69850665985
11342.2760533499
12875.4395909895
7859.38212400004
10855.1087655297
11539.6017098462
10096.4731307218
7141.12818835304
13801.2032014997
10720.7929128444
9605.91254547577
13198.976935702
9852.53376786225
12066.8479531649
10431.7252942735
6891.15872054859
10315.9156632427
7069.62388934824
11966.2858874068
11126.8306512664
6939.12129117644
9177.97973012778
7643.51737070559
13300.6816057298
8213.456581972
10240.6080634529
13298.0049891986
7626.48563841818
6850.06727188355
9317.09402831085
11976.7223771808
10027.6221907223
7778.64595575335
11796.8999067151
8665.50803421461
14513.7550264327
9307.12717691912
10400.1074712639
8765.67749612105
8136.89635340529
9429.127837992
11513.4809232621
10468.9058413955
13831.873855164
8837.65487241647
10466.5358443375
11939.899276265
9687.0036685839
12421.8947411221
12916.7973651148
8083.13863715735
9779.69838017689
13958.8138305834
9935.36939912826
9845.23108654981
9511.52146743631
11887.569446833
8644.65858861551
9833.00644483359
13454.718096942
12673.5202200876
5757.92534786303
9016.81897223838
5423.40450511454
10332.7276666565
11121.4705381254
11816.6266410849
10701.0083075641
10231.8899393536
6910.60550153795
8674.97848015987
8788.26847268219
10051.6811111145
10698.1548858099
10024.7206348288
10182.8527143182
10141.8826287382
9682.36363958456
9767.18651569034
9566.62301892096
10344.8546009271
9254.40371332657
9924.10451839764
10137.2434752746
10237.539879815
10081.6048844054
9875.9136814545
10543.4517814788
9333.73266971281
10255.8958191355
10691.2958581499
9902.48896928037
10254.3041125203
9254.12824001295
9916.37356462851
10404.0399000689
10751.7303824705
9302.66995974582
10457.3647557959
9736.91458433268
11087.9743976541
10246.3062015757
8867.07350168553
9686.15047062157
10043.5047363059
9967.33169999861
10311.66697451
9817.36274959274
10008.3009426911
11193.1510832791
10210.268862904
9645.39499989435
10485.800864398
10419.5125969283
9468.47923451392
10318.0320771922
9515.4157436885
9684.84420498061
9079.97539101284
10309.8988521266
9847.6486633024
10118.111326793
9506.87580470317
10509.0141347878
10035.9249614624
9965.88023205246
9539.96118245352
9543.06378482474
9076.49390580238
9563.09901809219
10145.5088104963
9559.00390461221
10312.2506448504
9883.14874517524
10117.6037738435
10378.9049796853
10604.2987951301
9278.05921456355
11924.2691189169
9254.5673040521
9659.48140826087
10279.0771736035
9603.68336137249
9939.0711175355
9896.17216888673
9884.33804527565
10194.7042733401
10347.5888383585
10514.9047086936
9888.38341437135
9083.46240845071
10081.7773844648
10412.0216260917
10792.3634266424
10467.4108338239
9646.5355289726
9811.81874466915
10119.0120633475
9235.08660602664
9468.83096101924
9859.67033428405
10421.7436168911
10547.669822115
9755.27026335841
9567.73460374727
8798.3437178685
8519.22667390808
10168.0329555808
9949.82572238285
10540.6655490945
10031.3951054372
10597.0811265298
9447.04828690962
10174.315183658
10282.382911916
10015.0099516224
9174.5146914585
10261.8204547262
9560.6955969744
10115.9958259242
9511.08009849297
10569.3313099709
9708.80445249025
10306.7962839103
9407.78281563369
8929.26214246446
9509.85986068147
9850.09273832005
9285.83884503398
10667.4936113907
9621.32551496955
10348.6090395001
10547.989111477
10407.7722049808
10173.8541112437
9342.08499297386
9225.78093056588
10492.981861702
10307.6363988069
10714.633932259
9764.93812639126
9378.53030631376
10624.0061918371
8514.87115342016
9714.73231061124
10602.0949900493
10705.2777792898
9454.50171481746
9182.59999992852
9958.03091964287
10099.1683043966
10379.7821566338
9603.28697487409
10405.3984437823
9889.71274398101
9590.06377905432
10225.1607731784
9457.48271172479
10773.9286147142
9375.4813012728
9657.75659144331
9676.6612956035
9871.80052307844
9472.29370595295
10098.4287557299
9419.1118359919
10723.8204710258
9537.9735888667
10899.9524303949
10527.3025370119
9765.48536818189
10210.3517497649
10440.8108722063
9763.06528983864
9059.91866016673
10376.0932281107
10035.0569355447
10231.8210341219
10438.9886874289
9858.07517654956
9911.4888692662
9835.17650270821
9850.9992845794
9957.47365591716
9638.46894194244
9729.88063504236
10087.8346516088
10824.3512517999
10252.1871991903
8850.02171807551
9917.20001634394
10124.0556620616
11105.692282084
10080.954037267
10336.3978215423
11096.8342691245
9617.31108612686
9287.77947376209
9648.89395508314
10022.1706219755
9327.29154305989
9337.30495814724
9586.59190546031
9503.84327695482
9032.61636689821
9600.61227823282
10887.3664062861
10243.8102235228
9933.63017142387
10094.7624332174
9697.42709176122
10420.491174543
10685.1439290149
10981.0320982239
9692.46385510807
8687.06534065076
9737.88385799428
9955.42943683293
9860.49995767873
9386.98956450591
10798.8020435287
9335.31950840019
10408.9865804268
9751.44468397136
10201.4345829039
8981.46889804486
9984.87309394897
10319.4275595628
9460.52517304822
10000.3626084694
10504.9863818587
9580.02270841189
10261.8507590072
9850.84859091834
10015.5276581455
9587.73204333347
10560.8071311124
9594.27447184638
10040.364013511
9853.02502282547
10398.2260817934
10394.7281604672
8519.40033159511
10798.1603146989
9721.61379817063
10002.3067440969
8905.1616230392
9496.08740816923
10584.9241755687
9553.66918213874
9849.61288616996
9659.29295558629
10151.4307188201
10503.6065571767
9238.17319615059
9565.21940665784
9474.42503995133
9712.77524108564
9796.75662193171
10725.8121326069
10087.8675403259
9861.04268231199
10562.5394536916
9636.66216230848
10063.2689216073
9693.94002918044
10502.3604213819
9965.7659414653
11114.1754642034
10243.4047043577
9599.84503530338
9696.00587495908
10033.4793827949
9006.90847745569
10633.8354319121
9980.4414225679
10127.7885178013
10258.4481117096
9428.94647940772
9651.1215810071
10051.9811442494
9512.74194556728
10087.3220370765
9764.545225706
9636.20853944387
9281.76019394938
10078.6163465003
10300.2146074193
10358.9972745657
9835.33237260206
10221.7375340459
10769.4670103559
9954.63232405034
10203.4630041067
9738.6597795732
10001.2394080732
9062.71088046509
9613.11260826232
10234.4447998551
9719.87792623577
9666.32428781519
10033.9996809872
9966.94622567325
9806.65670697566
10127.7830164052
10434.1153839192
9815.04219596817
10116.5274658706
9474.30814567954
9763.18346558011
10219.2227130974
10182.7748645022
10039.5126808727
9353.36309853976
8532.18177894462
11974.3434654973
9429.40618486923
10529.5502691894
10454.1661652461
9756.13946653703
9686.04477025926
9977.26541532486
8965.69346541811
9875.23773416007
9519.13481155487
9456.61364419684
8823.32626214874
9826.83506650933
9350.81973450422
9480.86078016424
8792.56531236457
10898.3743718268
10523.0680118998
9354.10638434612
10656.5387510249
10869.2300729423
10926.6239454757
9570.52875065394
10762.1095603879
8493.53726197117
10794.7180401125
10617.3929937331
8704.59243409509
10465.618925411
8879.60142355998
10903.9459139531
8305.24418337115
10018.0217806716
11047.1348310372
9846.74703699739
10958.1571821987
11105.1471107881
9622.18797295887
9709.91824450931
10598.6611656272
9923.70950081557
10376.0102679146
9130.47000943456
11549.4010040076
10804.8294960221
11694.9728765253
9903.71046912673
9353.28677671407
8770.53279008107
9812.26531054775
10348.8880506724
9946.62772093775
12120.7530004273
10020.3064128723
11430.9716782436
9839.65585525091
9921.87202303834
9948.73470006584
10502.1383228582
10368.0328812769
10207.5750515635
9639.35286973723
11419.4703233889
12015.1777128544
9835.70177137767
10915.8265456352
9345.58711801101
8517.20928948815
7856.11200555775
10386.614037581
9510.21424816132
11013.3045911532
7879.29759192059
11021.7446667122
9789.99657532968
9329.09118684244
9326.22702971031
9134.52816742682
9468.82648810479
9966.43940490588
10374.395091935
10767.0923519214
8022.57394378961
9057.05528273606
11187.0155771104
9858.56664867025
10253.0435625848
10504.3903922391
10407.6222875611
10611.0207201206
10317.1088705354
11790.1620884027
7539.05729595395
9336.40429169752
8525.67500222827
9537.5660374886
9204.33222307431
9271.48321974948
12251.4366037009
13011.281539847
9508.43136428347
11137.702927765
10594.9028564199
8455.93650048104
10142.3524200262
9158.92181095972
10327.3380075823
10487.6973692267
8010.17859084337
9696.92779074804
8188.66831460496
9325.13451983316
9856.34006790358
11443.6375780402
8944.19402832793
10136.5905335098
10615.2316842496
8897.03452372596
10891.2519437463
10430.4639346327
8887.28051808436
9864.92321376432
9944.69008856567
11051.0827390714
10576.4514566163
10917.895981884
9231.92712865518
10037.2890026378
9984.53731636137
10619.5677152363
10177.8588746671
8570.28898740945
10035.1534667448
10104.4659395807
10578.1544494284
8606.06764744789
8738.99426683615
9479.70343222253
9545.85619331055
10405.852276076
10584.3473424732
9371.84001952545
10311.1162623776
9282.9043171486
9930.24547945872
9378.71012815074
10156.6742875053
11775.6391426831
10031.7279007748
8279.00786232479
10184.2609456428
9247.75836666753
10221.506131434
7673.15905382949
8620.94628047014
9593.3761103878
10268.1224645315
9626.741262352
11131.0557072848
10187.8319532435
9919.12840319591
8804.46848237863
10311.0364467866
12045.8527960221
9309.09662334456
11487.9067514238
9786.17320544154
9865.38437487731
11891.208032009
9559.74597366225
9525.78277641407
9829.42900767195
10712.5984573833
10909.4509281779
9974.68770338878
10571.0525680729
9520.51942872985
8867.4985060446
9990.88574150716
9483.42401081542
10444.6062447876
12313.8566045508
10450.9230255823
10428.8668761115
9774.57957252382
10026.8128492747
10884.1087691117
10634.4253018328
11853.2849339119
12281.5456815534
11650.1693713056
8952.19224135125
9887.10303717271
8490.69627805636
11607.3320978659
9556.52326778075
9943.89368284638
8054.3947679758
12109.1102159574
10618.3180133631
10592.1303449804
11429.7640134455
9688.82177704304
11347.6711841831
11551.3244124188
10988.1097426322
9209.32649872844
10384.1771536137
10651.4281139956
8973.00475146252
10352.2489325329
10194.5625094356
10842.4055916688
11285.3091823879
10993.8105510339
7287.05475779439
8986.59077758825
11001.9798160459
9584.52866628652
10483.181717298
11288.3729711746
9189.59897874119
10274.2470752794
10858.5705398188
10366.0509610295
9708.49027147876
10055.9967002664
9193.89574452744
10923.6342298672
9163.51633329588
9910.76503815036
8441.22956298976
9938.95538125077
9867.8614806363
8283.56124104996
10746.3009560043
9730.13028504331
9486.83700088842
10872.5488881477
9290.9887469252
10712.417280981
9020.0197335746
9691.07228944846
8498.05471301991
11087.1930383137
11727.4053362335
9691.00323214446
10291.0932578114
10556.5267479681
10105.3737705074
9643.05738165567
7580.67752096439
12110.4636102426
8018.031576952
9579.27155294247
13021.5656108825
11284.7680319421
11297.8297454898
9568.83072147325
9146.97520187055
9078.17612560814
9564.38062739648
10471.1042715426
9515.19656259813
10443.1426488554
7766.29630666939
9417.34030183769
9121.34814723338
10000.5751659342
10065.5410309
9568.165289357
10665.7045450318
11661.7360445923
10695.1949040286
9722.12282089106
11016.5230781055
9335.31782058748
10249.637656773
10697.2039012119
11045.4086646879
9956.82416725006
9173.0269253448
10959.0250041953
8814.56245375377
9640.2191518961
7865.05962433133
10586.2312971554
10080.887570089
9597.63803065609
9094.78190003275
9778.42066606532
9191.9620831563
10673.0294015261
9423.07508163936
10229.857486524
9429.31912464942
9355.51506537446
