2387.05707575809
2625.39867781039
2370.86568548731
2350.88524958471
2684.08760413669
2494.28290390924
2527.29721533149
3380.38954747876
2728.46793322392
3081.93826758043
2644.99230327094
2691.39964799442
2415.35870128281
2430.22357108593
3246.41910571054
2785.98813568347
3025.2058256314
3040.29148121417
3224.09249705898
2158.13406245643
2494.40297200901
2371.67456362494
2441.08559490348
2160.9191279566
3527.70784695418
3413.74514222947
2767.11845956251
3608.15834085018
2361.54818592159
2466.20734609396
2961.68492125529
3072.20602184837
2913.61461141189
3906.56429093148
3066.68991276488
2457.28211918918
3159.23884970159
3395.04279563832
2634.62504832833
3474.08781740629
3559.36134795569
3124.26933209646
2851.59461402667
3997.69306172882
4215.52145071607
3937.13260875997
3248.66083084575
3367.80458285113
3324.5939160683
4431.5764609318
3710.30081099776
3084.65127268628
3357.4500585376
3833.94085473686
3096.83134015427
3779.72483771108
2828.30746628494
3218.73920083747
3448.61977459666
3457.15980734315
4630.43004879786
3130.71556876509
3633.4557295636
3685.60832015215
3722.79010297398
3425.05256782396
3480.26032591153
4877.22676590258
3691.65564567247
4346.37400460341
3879.15571276467
3750.38326519714
3772.96816351661
4500.45819411
4521.29822067687
3899.27273030042
5407.51602721175
4708.61995987906
4009.4593364478
4946.50946764769
4257.40674842691
4446.14751520338
4183.6551370412
4130.0905554974
5056.97921820043
4479.26757968822
5185.93712929526
5162.35339318262
5816.81195181705
4357.50127150026
5398.38368782424
4707.48035678947
5072.35063071391
4889.1042728898
5944.3838147142
5921.20133064379
4978.27988251417
5333.83770867175
4866.51361982715
5903.53075075016
