0.1
0
-0.118942401458188
-0.0751040962238935
-0.197591009770816
-0.26172076224386
-0.270750016157785
-0.213971949321018
-0.0714185186801726
0.0839710153989706
0.136569039807299
0.194832409311494
0.321708343255047
0.538070841203438
0.577630372778449
0.682807800379136
0.863933979141021
1.07135771225741
1.29293816610534
1.67500934056129
1.99533753543056
2.23455947753959
2.66580510675894
3.09101877119929
3.32049563296119
3.63159388327239
3.97298516033251
4.20191147364029
4.4864613510194
4.75221053628909
5.12293986198843
5.48266914954942
5.9150659562757
6.29692184379694
6.68829073132686
6.91713865985294
7.08785154962583
7.14956446854502
7.07519408417078
7.04736751418237
6.99053297303247
6.93827610059066
6.83886133122482
6.96641108256282
7.09755874710829
7.34576731426593
7.60909207063675
7.77618099896024
7.91400916392971
8.03522378205833
8.06889299626796
8.12441098681363
8.10865218277624
7.98182382852484
7.91062501064737
7.71304952155449
7.52659421238843
7.29257251118935
7.05075486048044
6.88522706525382
6.76543854582767
6.66037114368051
6.62851101868261
6.56230328070407
6.50280805460526
6.3966347822248
6.26213308701469
6.19821711249229
6.16637243816334
6.20088387629439
6.21403296458159
6.09328631482223
5.82579429703352
5.53949071628336
5.20300270588042
4.72517294258593
4.33066447820252
3.96227244374777
3.5701948059715
3.05376643425123
2.47033329639018
1.79115562362432
1.09928973552996
0.382449146533711
-0.209630260724285
-0.631119368102664
-1.08627722645627
-1.6695666757005
-2.26615920899162
-2.65016205435054
-2.99513930576922
-3.35711768099318
-3.69515957661318
-3.97669542592565
-4.2904774412696
-4.55891706849997
-4.93346734887478
-5.28040072623268
-5.66339300102969
-6.06924580842281
