x	y	label
-0.0460227272727279	2.84405073485001	0
-0.0460227272727279	2.50159049728206	0
-0.127675953079179	2.25697604187638	0
-0.194483137829913	1.78405476142541	0
-0.00890762463343116	1.637286088182	0
-0.201906158357772	1.22959532917254	0
0.0950146627565977	0.88713509160459	0
-0.068291788856305	0.560982484397021	0
0.0430535190615828	0.316368028991344	0
-0.105406891495602	0.0391383128649093	0
-0.02375366568915	-0.238091403261525	0
-0.060868768328446	-0.825166096235152	0
-0.179637096774194	-1.05347292128045	0
0.0653225806451607	-1.21654922488424	0
-0.0979838709677419	-1.6242399838937	0
0.0801686217008796	-1.7710086571371	0
-0.0905608504398829	-2.0808536339843	0
0.0282074780058648	-2.2276223072277	0
-0.172214076246335	-2.52115965371452	0
0.00593841642228689	-2.70054358767868	0
-0.0460227272727279	-2.96146567344473	0
-0.231598240469209	2.81143547412925	0
-0.476557917888563	2.48528286692168	0
-0.647287390029326	2.0938997382726	0
-0.795747800586511	1.84928528286692	0
-1.04813049853372	1.55574793638011	0
-1.15205278592375	1.45790215421784	0
-0.966477272727273	1.39267163277632	0
-0.632441348973607	1.32744111133481	0
-0.31325146627566	1.32744111133481	0
0.0356304985337238	1.32744111133481	0
0.473588709677419	1.32744111133481	0
1.08969941348974	1.32744111133481	0
0.911546920821114	1.47420978457822	0
0.926392961876832	1.70251660962352	0
0.688856304985337	1.94713106502919	0
0.36966642228739	2.35482182403866	0
0.250898093841642	2.71358969196698	0
0.00593841642228689	2.79512784376887	0
-0.12025293255132	2.33851419367828	0
-0.231598240469209	1.99605395611033	0
0.0727456011730198	2.02866921683109	0
-0.157368035190616	1.08282665592913	0
-0.498826979472141	0.675135896919671	0
-0.684402492668622	0.316368028991344	0
-0.884824046920822	0.0391383128649093	0
-1.12978372434018	-0.18916851218039	0
-1.36732038123167	-0.352244815784175	0
-1.60485703812317	-0.547936380108717	0
-1.8349706744868	-0.662089792631367	0
-1.9092008797654	-0.711012683712502	0
-1.65681818181818	-0.711012683712502	0
-1.33020527859238	-0.711012683712502	0
-0.981323313782992	-0.711012683712502	0
-0.699248533724341	-0.694705053352124	0
-0.439442815249267	-0.678397422991745	0
-0.105406891495602	-0.662089792631367	0
0.184090909090908	-0.613166901550231	0
0.510703812316715	-0.547936380108717	0
0.8595857771261	-0.482705858667203	0
1.2233137829912	-0.482705858667203	0
1.64642595307918	-0.482705858667203	0
1.85427052785924	-0.417475337225689	0
1.80973240469208	-0.238091403261525	0
1.46827346041056	-0.0750150996577403	0
0.75566348973607	0.414213811153615	0
0.250898093841642	0.952365613046105	0
0.132129765395894	1.06651902556875	0
0.00593841642228689	0.544674854036643	0
-0.469134897360704	0.120676464666801	0
-0.676979472140763	-0.123937990738876	0
-0.0757148093841649	-0.0913227300181186	0
-0.209329178885631	0.528367223676263	0
0.0504765395894427	0.528367223676263	0
0.703702346041055	0.120676464666801	0
0.75566348973607	0.0228306825045299	0
0.436473607038123	-0.123937990738876	0
-0.12025293255132	-0.0423998389369835	0
-0.305828445747801	-0.254399033621904	0
-0.855131964809385	-0.221783772901147	0
-1.07782258064516	-0.107630360378498	0
-1.00359237536657	-0.0750150996577403	0
-0.149945014662757	-0.84147372659553	0
-0.417173753665689	-1.21654922488424	0
-1.09266862170088	-1.64054761425408	0
-1.43412756598241	-1.83623917857862	0
-1.72362536656892	-1.9993154821824	0
-2.01312316715543	-2.0808536339843	0
-2.19869868035191	-2.19500704650695	0
-2.39912023460411	-2.29285282866922	0
-2.22096774193548	-2.39069861083149	0
-1.72362536656892	-2.39069861083149	0
-1.35247434017595	-2.35808335011073	0
-0.647287390029326	-2.32546808938997	0
-0.105406891495602	-2.32546808938997	0
0.221206011730205	-2.32546808938997	0
0.636895161290322	-2.3091604590296	0
1.13423753665689	-2.2276223072277	0
1.46827346041056	-2.2276223072277	0
2.01015395894428	-2.14608415542581	0
2.27738269794721	-2.09716126434467	0
2.47780425219941	-2.0808536339843	0
2.29965175953079	-1.86885443929938	0
2.025	-1.72208576605597	0
1.67611803519062	-1.02085766055969	0
1.07485337243402	-0.84147372659553	0
0.904123900293255	-0.776243205154016	0
0.391935483870968	-0.776243205154016	0
-0.320674486803519	-0.890396617676666	0
-0.357789589442816	-0.971934769478558	0
-0.595326246334311	-1.36331789812764	0
-1.32278225806452	-1.64054761425408	0
-1.48608870967742	-1.852546808939	0
-0.959054252199414	-1.81993154821824	0
-0.365212609970675	-1.54270183209181	0
0.384512463343108	-1.57531709281256	0
0.614626099706744	-1.34701026776726	0
0.970931085043988	-1.41224078920878	0
1.09712243401759	-1.64054761425408	0
0.918969941348973	-1.75470102677673	0
0.0207844574780058	-1.73839339641635	0
-0.053445747800587	-1.20024159452386	0
-0.61017228739003	-1.42854841956916	0
-1.42670454545455	-1.65685524461446	0
-1.84981671554252	-1.65685524461446	0
-1.85723973607038	-1.67316287497483	0
1.07485337243402	-1.59162472317294	0
1.37177419354839	-1.7710086571371	0
-0.439442815249267	3.03974229917455	1
-0.60274926686217	2.87666599557077	1
-0.691825513196481	2.7788202134085	1
-0.847708944281525	2.89297362593115	1
-1.07782258064516	2.59943627944433	1
-1.21143695014663	2.84405073485001	1
-1.51578079178886	2.76251258304812	1
-2.0725073313783	2.90928125629152	1
-2.51046554252199	2.81143547412925	1
-2.78511730205279	2.56682101872358	1
-2.85934750733138	2.15913025971411	1
-1.84239369501466	2.46897523656131	1
-1.10009164222874	2.46897523656131	1
-0.884824046920822	2.58312864908395	1
-1.35247434017595	2.15913025971411	1
-1.23370601173021	1.94713106502919	1
-1.01101539589443	2.14282262935374	1
-1.36732038123167	1.68620897926314	1
-1.42670454545455	1.24590295953292	1
-1.21885997067449	0.984980873766862	1
-0.832862903225807	0.903442721964969	1
-0.758632697947215	0.724058788000806	1
-1.3079362170088	0.234829877189451	1
-1.40443548387097	0.691443527280049	1
-1.58258797653959	0.919750352325348	1
-1.96858504398827	0.414213811153615	1
-1.59743401759531	0.430521441513993	1
-2.05766129032258	0.13698409502718	1
-2.06508431085044	0.495751962955507	1
-2.36200513196481	0.88713509160459	1
-2.77027126099707	0.838212200523455	1
-2.28035190615836	0.169599355747937	1
-2.24323680351906	-0.140245621099255	1
-2.74800219941349	-0.352244815784175	1
-2.82223240469208	-0.759935574793638	1
-2.55500366568915	-0.825166096235152	1
-2.28777492668622	-1.11870344272196	1
-2.08735337243402	-1.11870344272196	1
-1.8349706744868	-1.13501107308234	1
-1.32278225806452	-1.18393396416348	1
-0.877401026392962	-1.18393396416348	1
-0.780901759530792	-1.18393396416348	1
-1.44897360703812	-1.23285685524461	1
-1.81270161290323	-1.23285685524461	1
-2.22839076246334	-1.51008657137105	1
-2.52531158357771	-1.59162472317294	1
-2.76284824046921	-1.60793235353332	1
-2.94100073313783	-2.17869941614657	1
-2.8370784457478	-2.63531306623716	1
-2.8370784457478	-2.83100463056171	1
-2.65150293255132	-2.83100463056171	1
-2.42138929618768	-2.83100463056171	1
-2.06508431085044	-2.83100463056171	1
-1.6345491202346	-2.92885041272398	1
-1.33762829912024	-2.86361989128246	1
-1.01101539589443	-2.73315884839944	1
-0.877401026392962	-2.99408093416549	1
-0.669556451612904	-2.92885041272398	1
-0.40975073313783	-2.9125427823636	1
-2.69604105571848	-2.99408093416549	1
0.377089442815249	-2.83100463056171	1
1.20846774193548	-2.94515804308436	1
1.60931085043988	-2.84731226092209	1
2.93803152492669	-2.71685121803906	1
3.01226173020528	-1.51008657137105	1
2.97514662756598	-0.711012683712502	1
2.68564882697947	-0.694705053352124	1
2.35903592375367	-0.482705858667203	1
2.65595674486803	-0.0260922085766052	1
2.84895527859238	0.267445137910207	1
2.85637829912023	1.14805717737065	1
2.84153225806452	1.76774713106503	1
2.68564882697947	2.46897523656131	1
2.49265029325513	2.79512784376887	1
1.74292521994135	2.63205154016509	1
0.889277859237536	2.81143547412925	1
0.540395894428152	2.76251258304812	1
0.970931085043988	2.19174552043487	1
1.69838709677419	2.63205154016509	1
1.69096407624633	2.07759210791222	1
1.54992668621701	1.47420978457822	1
1.4237353372434	1.01759613448762	1
1.15650659824047	0.903442721964969	1
0.622049120234604	0.805596939802699	1
0.406781524926686	0.626213005838535	1
0.488434750733138	0.544674854036643	1
0.800201612903226	0.479444332595128	1
1.46827346041056	0.528367223676263	1
2.08438416422287	0.446829071874372	1
2.15119134897361	-0.156553251459633	1
2.025	-0.727320314072881	1
1.92850073313783	-0.874088987316287	1
1.77261730205279	-0.95562713911818	1
1.49054252199413	-0.95562713911818	1
1.32723607038123	-1.02085766055969	1
1.0600073313783	-1.05347292128045	1
0.867008797653959	-1.08608818200121	1
1.25300586510264	-1.08608818200121	1
1.31239002932551	-1.11870344272196	1
1.51281158357771	-1.44485604992953	1
1.77261730205279	-1.41224078920878	1
2.10665322580645	-1.10239581236159	1
2.16603739002933	-1.26547211596537	1
2.50007331378299	-1.6242399838937	1
2.72276392961877	-1.81993154821824	1
2.87864736070381	-2.52115965371452	1
2.67822580645161	-2.63531306623716	1
2.32934384164223	-2.73315884839944	1
2.85637829912023	-1.21654922488424	1
2.94545454545454	-0.51532111938796	1
2.51491935483871	1.44159452385746	1
1.79488636363636	2.06128447755184	1
1.74292521994135	2.40374471511979	1
